2022	3969	2665	1149	2546
4130	3174	2035	3151	4467
3702	2810	3785	4809	4270
3614	4421	5293	4868	4339
5065	5844	5500	5121	5747
6430	6303	5979	6376	7035
6996	6750	7163	7734	7746
7622	8000	8424	8485	8530
8822	9155	9290	9423	9703
9974	10143	10302	10544	10830
11028	11228	11473	11728	11948
12160	12405	12651	12887	13124
13367	13614	13865	14120	14379
14642	14909	15180	15455	15734
16017	16304	16595	16890	17189
17492	17799	18110	18425	18744
19067	19394	19725	20060	20399
20742	21089	21440	21795	22154
22517	22884	23255	23630	24009
24392	24779	25040	25051	25162
25745	26222	26057	26037	26819
27303	27012	27092	27977	28389
28020	28130	29067	29474	29045
29223	30207	30459	30022	30341
31299	31440	31017	31485	32409
32377	32071	32676	33441	33336
33120	33711	34435	34381	34253
34860	35506	35394	35329	35966
36538	36448	36490	37068	37483
37463	37567	38064	38505	38583
38728	39139	39471	39652	39877
40217	40547	40767	40906	40999
41074	41137	41188	41227	41254
41269	41272	41263	41242	41209
41164	41107	41038	40957	40864
40759	40642	40513	40372	40219
40054	39877	39688	39487	39274
39049	38812	38563	38302	38029
37744	37447	37138	36813	36482
36157	35828	35445	35054	34730
34386	33914	33448	33118	32722
32181	31676	31368	30959	30316
29802	29445	28935	28239	27727
27423	26787	25937	25498	25249
24455	23507	23226	22953	21934
20951	20779	20325	19133	18371
18187	17479	16234	15599	15408
14425	13127	12808	12569	11282
9903	9634	9342	7994	6689
6353	5890	4874	4057	4211
4677	4880	5163	6312	7338
7773	8447	9613	10557	10894
11527	12633	13466	13843	14421
15530	16315	16519	17046	18019
18837	19059	19376	20314	21163
21290	21490	22393	23255	23356
23447	24316	25123	25169	25194
25941	26719	26750	26735	27318
28027	28163	28048	28541	29174
29229	29180	29521	30011	30120
30050	30269	30657	30736	30662
30823	31126	31142	31054	31147
31297	31310	31244	31259	31323
31290	31180	31126	31103	31024
30906	30787	30669	30544	30395
30224	30032	29824	29604	29372
29128	28872	28604	28324	28032
27728	27412	27084	26734	26342
25858	25248	24584	24108	24471
24722	24887	25142	25140	25380
25793	26095	26224	26122	26435
26928	27269	27649	27919	27692
28009	28785	28953	28390	28299
29397	30157	29477	29132	30255
31353	31041	30602	31202	32129
31816	31262	31650	32446	32333
32116	32533	32650	32038	32233
33451	33733	33281	33426	34236
34876	34516	34372	35054	35618
35437	35403	36005	36359	36292
36237	36904	37138	37175	37363
37496	37657	37602	37646	38098
38352	38235	38123	38774	39292
39406	39159	39402	39902	39882
39625	39786	40025	40209	40246
40705	41133	41328	41568	41771
41724	41390	40875	40462	40161
39811	39448	39059	38594	38197
37871	37604	37282	36938	36637
36344	36005	35692	35459	35221
34978	34644	34403	34321	34167
33872	33736	33699	33561	33397
33341	33223	32988	32841	32775
32678	32547	32616	32666	32665
32625	32653	32682	32680	32652
32765	32772	32547	32583	32863
32788	32588	32880	33327	33048
32873	33436	33857	33608	33381
33576	33412	33002	32918	33360
33682	33358	33323	33629	34343
34060	33777	34146	34028	33628
33524	34558	33990	33216	33793
35049	34936	33853	33261	33937
34372	33759	33792	34458	33636
32865	34143	34948	34176	32489
32901	35116	35737	34862	33157
33260	33730	33650	32939	32056
32954	33717	33760	32830	33770
34677	34164	33977	35061	35895
34939	34631	35334	35749	35201
34149	34573	34953	34623	33210
32461	33176	33190	32200	31669
32425	32584	31281	31185	32695
32929	31892	31554	32571	33060
32289	31891	32795	33121	32449
32407	33236	33234	32237	32054
32924	32960	32143	32175	32786
32602	31905	31961	32659	32495
31904	32241	32950	32561	31860
32083	32863	32867	32203	32515
33422	33213	32507	32580	33215
33013	32506	32644	33495	33261
32397	32358	33457	33339	32300
32526	33263	32898	32404	32837
33354	32759	32411	32963	33179
32777	32333	32835	33193	32947
32558	32738	32774	32807	32747
32919	32833	32676	32725	32609
32746	33069	32686	32175	32693
33400	32700	32173	33052	33598
32434	31959	32927	33434	32566
32277	32876	33116	32704	32567
33000	33123	32484	32378	32692
33060	32787	32299	32511	33184
32824	32435	32691	33274	33128
32719	32490	33087	33066	32776
32672	32861	32733	32476	32800
32986	32531	32497	33193	32966
32369	32510	33173	32788	32191
32739	33209	32459	32262	33028
33467	32363	31901	33049	33583
32451	32157	32943	33286	32591
32152	32734	33223	32912	32534
32417	33257	33254	32389	32574
33511	33274	32188	32076	33431
33441	31921	32139	33627	33212
31758	32040	33421	33424	32046
31930	33712	33501	32023	32298
33610	33352	32356	32357	33309
33671	32596	32223	33393	33584
32430	32444	33838	33410	31848
32406	33898	33256	31792	32509
33752	33103	31661	32562	34103
32716	31618	32693	33599	32896
31922	32716	33623	32896	31964
32469	33611	32951	32017	32580
33566	32886	32009	32609	33659
33114	32067	32088	33457	33628
32208	31793	33131	33617	32546
31662	33171	34101	32477	31456
33107	34077	32484	31590	33083
34326	32577	31133	32667	34142
33038	31334	32454	34171	33359
31358	31998	34193	33468	31396
32019	33943	33583	31547	32165
33711	32971	32048	32804	33376
32531	32381	33195	32948	32455
32385	32949	33248	32785	32223
32578	33410	33190	32249	32173
33372	33608	32302	31939	33041
33785	32473	31816	33299	33638
32043	31980	33614	33360	31789
32207	33965	33290	31507	32196
34184	33493	31191	32088	34440
33537	30951	31907	34778	33548
30816	31898	34613	33566	30658
31542	34633	34144	31010	31160
34308	34438	31301	30782	34479
34822	30818	30629	34687	34964
31053	30610	34657	34981	30897
30574	34668	34845	30960	30530
34330	34669	31117	30698	34477
34617	30757	30927	34834	34789
30792	30656	34713	34776	30989
30662	34546	34887	31314	30789
34128	34728	31491	30751	34138
34985	31548	30617	33843	35057
31855	30540	33930	35339	31778
30364	33775	35198	31902	30444
33292	35199	32505	30447	33070
35146	32486	30421	33134	35163
32314	30371	33184	35308	32218
30410	33262	34935	32102	30703
33598	35128	31819	30333	33533
35510	32181	29824	33609	35835
31811	29910	33823	35575	31529
29969	34127	35487	31441	30199
34328	35282	31150	30494	34472
34884	31078	30939	34512	34265
30703	31421	34623	34070	31049
31489	34548	34032	30896	31596
34364	33603	31367	31863	34098
33528	31460	31969	33920	33561
31632	32024	33776	33572	31645
32149	33753	33546	31884	31956
33297	33641	32401	31923	32863
33609	32930	32069	32190	33454
33525	32247	31813	33337	33771
32402	31908	33241	33568	32125
31885	33245	33518	32378	32128
33066	33346	32469	32377	33454
32945	32148	32809	33019	32481
32747	32959	32717	32517	33150
33272	32038	32273	33464	33250
31822	32426	33980	32877	31620
32889	34089	32581	31132	32830
34496	32819	30912	32757	34919
32685	30460	32722	35139	32723
30211	32673	35594	33015	29837
32466	35697	33228	29857	32138
35590	33561	29980	31887	35276
33488	30352	32051	35192	33646
30426	32306	35115	33042	30283
32496	34999	32966	30562	32236
35119	33577	30573	32083	34950
33549	31041	32094	34423	33583
30899	32001	34681	33470	30870
32242	34547	33214	31055	32394
34671	32919	30495	32902	35313
32898	30246	32422	35312	33337
30258	32216	35284	33558	29968
31987	35774	33480	29687	32094
35941	33072	29494	32532	36393
32836	28965	32922	36503	32561
29130	33240	36313	32308	29232
33094	36436	32390	28753	33357
36849	32026	28653	33381	36788
32624	28743	32999	36833	32712
28688	32691	37146	32902	28418
32787	37223	32187	28050	33498
37400	32081	28024	33608	37170
32052	28344	33439	37370	31687
27882	33844	37664	31922	27998
33489	37454	31787	28032	33872
37698	31733	27983	33908	37530
31492	27873	34321	37495	31243
27843	34435	37796	31094	27811
34492	37753	30952	27931	34803
37511	30764	28050	35077	37452
30407	28141	35395	37312	30180
28176	35237	37421	30377	28047
35129	37563	30484	28196	34652
37377	30825	28168	34535	37351
30933	28216	34778	37417	30767
28160	34745	37343	30493	28293
35220	37223	30291	28208	35105
37244	30422	28238	35140	37246
30231	28471	35423	36747	30237
29315	35596	35967	29742	29876
35633	35739	30144	29945	35305
35529	30141	29683	35433	36010
29989	29348	35577	36122	29721
29567	35808	36056	29634	29625
35906	35666	29520	29693	36053
35926	29533	29841	36103	35580
29451	30202	36152	35423	29513
30195	35934	35380	29857	30181
35731	35481	29547	29862	35987
35830	29192	29758	36487	35728
28932	30004	36651	35572	28721
30204	36833	35292	28505	30372
36760	35230	28655	30433	36755
35451	28917	30106	36704	35499
28704	29932	36811	35670	28520
29901	37365	35778	28251	29854
37290	35811	28281	29738	37281
35886	28051	29610	37285	35774
28328	29673	37164	35771	28259
29566	37472	36057	28009	29391
37494	36386	28130	28955	37603
36517	27918	28830	37651	36812
27664	28594	37981	36924	27434
28240	38190	37270	27236	28403
38459	37200	27106	28361	38191
37171	27186	28666	38662	36909
26667	28849	38884	36256	26689
29558	39274	36092	26147	29550
39347	35643	26052	30131	39329
35345	25827	30177	39775	35417
25335	30063	40111	35332	25296
30323	40150	35165	25608	30448
39809	35020	25597	30654	39922
34811	25807	30670	39840	34897
25798	30733	39850	34812	25860
30632	39548	34820	26024	30798
39681	34723	25613	31026	40108
34746	25517	30657	40079	35141
25529	30384	39752	35088	25806
30670	39793	34865	25718	30585
39715	35134	26004	30611	39513
34947	26087	30682	39728	34560
25900	30701	39643	34578	26255
31117	39041	34393	26679	31326
38981	34232	26463	31009	39254
34827	26220	30830	39450	34847
26103	30219	39512	35340	25781
30269	39740	35227	25703	30407
40018	34817	25515	30693	39980
34819	25344	30876	40237	34909
25159	30720	40453	34362	24702
30975	41136	34576	24106	30826
41271	34806	24136	30969	41436
34298	24235	31249	41051	34094
24562	31482	40778	34260	24676
31538	40795	34009	24740	31441
40610	34267	25167	31366	40463
33884	25367	31523	40201	33881
25303	31626	40509	33827	25113
31940	40308	33372	25230	32204
40420	33267	25346	32336	40023
33029	25395	32338	40507	33198
24988	32538	40578	33272	24997
32028	40480	33602	25104	31880
40504	34025	24941	31125	40429
34619	25305	30986	40494	34456
24871	31181	40912	34562	24425
30764	41181	34845	24165	31097
41411	34430	23915	31155	41616
34176	23517	31428	41884	34299
23757	31300	41968	34191	23401
31176	42325	34470	23019	31157
42681	34372	22739	31032	42901
34449	22534	31104	42894	34370
22616	30969	42703	34314	23045
31303	42467	34328	22943	31297
42615	34140	23258	31385	42181
34179	23480	31197	42155	34436
23355	31080	42467	34514	22756
30860	43071	34550	22524	30921
43012	34320	22260	31315	43637
34160	21851	31538	43848	34077
21657	31502	43978	34386	21292
31268	44470	34329	20995	30888
44750	34554	20710	31013	44853
34472	20575	31028	44941	34487
20744	30955	45171	34313	20141
31143	45270	34172	20283	31404
45082	34094	20530	31661	44939
33596	20385	32000	45201	33510
20187	31964	45450	33508	19910
31774	45520	33857	20066	31667
45294	33339	20418	32443	45030
33027	20475	32611	45017	32490
20585	33220	44620	31997	20966
33660	44448	31825	21211	33884
44065	31292	21605	34330	43776
31139	21812	34438	43807	31344
21748	33907	43611	31957	21746
33726	43782	32110	21719	33263
43983	32334	21709	33204	43777
32474	21883	32994	43508	32562
21777	32921	43622	32522	21815
33021	43784	32507	21926	33131
43702	32270	21321	33324	44089
32076	21369	33447	44237	32271
21394	33402	44085	32400	21269
33012	44282	32623	21280	32673
44358	33002	21381	32227	43824
33718	21803	31615	43709	34005
22017	31479	43691	34267	21568
31191	44096	34721	21259	31009
44314	34528	20999	31138	44661
34800	20618	30680	45064	35124
20497	30414	44982	35365	20615
30346	45053	35338	20814	30330
44706	35432	20924	30100	44764
35154	20942	30236	44720	35179
20838	30285	44640	35364	20770
30296	44659	35250	20720	30368
44796	35160	20462	30179	45043
35467	20680	30205	44562	35383
20985	30243	44526	35272	20934
30495	44657	34887	20819	30253
44847	35202	20832	30243	44937
35140	20562	30427	44905	35010
20683	30608	44750	35047	20840
30356	44862	35547	20620	30037
44935	35428	20621	29979	45139
35536	20434	29757	45059	35676
20237	29987	45400	35663	20146
29669	45476	36124	19985	29219
45595	36502	19922	28861	45484
36943	20288	28273	45289	37494
20335	28035	45089	37467	20549
28030	44834	37579	20659	28160
45149	37499	20651	28138	44859
37511	20770	27778	44642	37754
21197	27623	44025	37888	21573
27363	43839	38062	21649	27397
43799	38148	21765	27223	43738
38426	21620	26865	43896	38626
21916	27224	43598	38859	21857
26181	43491	39431	21877	26070
43666	39735	22022	25909	43462
39553	22112	25750	43577	39834
22025	25634	43480	39900	21951
25748	43490	39767	22210	25983
43315	39407	22076	26292	43702
39223	21684	26214	44154	39317
21075	26199	44682	39115	20750
26670	44726	38762	21024	27135
44559	38244	21274	27402	43809
38066	22129	27784	43333	37505
22431	28073	42835	37635	22774
27712	42680	37706	22545	27817
43238	37843	22110	27330	43500
38049	21681	27554	43938	37820
21573	27950	44012	37679	21272
28115	44438	37530	21120	28418
44390	37044	21234	28670	44323
36862	21251	28664	44240	36790
21503	28727	44206	36589	21573
28995	43804	36395	21815	29285
43636	36007	21931	29709	43393
35967	22088	29178	43419	36342
22169	29098	43082	36425	22145
28878	43284	36639	22199	29087
43258	36050	22220	29597	43566
35883	21870	29707	43771	35698
21537	29673	43847	35695	21409
29928	44354	35516	21226	30089
44426	35625	20859	29741	44624
35913	20784	29287	44884	36449
20771	28879	44734	36923	20766
28475	44916	37162	20440	28277
45122	37211	20427	28561	44994
37218	20724	28288	44904	37166
20612	28448	44945	37169	20591
28081	44700	37716	21061	28026
44262	37389	21455	28215	43874
37491	21714	27601	43709	37943
21660	27546	43773	38060	21475
27455	44207	37945	21097	27428
44339	38159	21307	27172	44207
38424	21090	26826	44461	38972
21068	26523	44446	39554	20997
25946	44552	39526	20814	26279
44495	39474	20990	26129	44547
39297	20990	26154	44402	39420
21187	26077	44069	39141	21388
26279	44226	39405	21270	25981
44192	39620	21538	25839	43837
39937	21767	25676	43529	39692
22383	25884	42951	39470	22796
26243	42464	39216	23148	26308
42542	39202	23167	26154	42372
39327	23304	26100	42600	39410
22999	25962	42693	39428	22834
26251	42838	39227	22453	26010
42877	39282	22585	26115	43020
39323	22338	26243	43104	39448
22357	26318	43139	39103	22145
26609	43523	38861	21829	26842
43833	38360	21774	27547	43615
37842	22050	27649	43376	37771
22078	28184	43426	37146	22237
28255	43069	37338	22429	28147
42912	37472	22526	27878	43384
37629	21986	28040	43704	37359
21681	27969	43997	37442	21462
28094	43970	37458	21726	28241
43716	36879	21979	28721	43582
36709	22277	28839	43166	36740
22250	28654	43171	37142	22336
28463	42984	37328	22605	28049
43035	37385	22548	28187	43030
37429	22223	27758	43189	38125
22462	27342	42865	37846	22848
27895	42571	37696	22768	27824
42680	37648	22534	27788	43173
37832	22377	27807	43338	37580
22297	27833	43376	37707	22069
27653	43421	38009	22178	27243
43495	38297	21983	27424	43583
38191	21990	27128	43434	38239
22293	27549	43017	38130	22534
27405	43004	38045	22419	27548
43327	37984	22223	27512	43379
38072	22396	27585	43181	37858
22440	27601	43252	37755	22272
27796	43405	37633	21726	28020
43885	37641	21568	28118	43995
37584	21610	27780	43998	37730
21557	27513	44060	38016	21551
27322	43917	38396	21666	26901
43930	38726	21761	26514	43720
39132	21700	26101	44044	39512
21457	25910	43982	39924	21839
25468	43451	40153	22027	25191
43463	40355	22530	25156	42907
40015	22830	25421	42783	40038
22844	25594	42463	39776	23305
25875	42189	39764	23490	26015
42082	39640	23659	25917	42086
39618	23494	26166	42142	39485
23561	26061	42098	39409	23451
26050	42407	39391	23193	26373
42552	39102	23018	26776	42691
38661	22894	26735	42818	38819
23070	26675	42579	38847	22874
26479	42742	39094	22770	26377
42666	38979	22878	26539	42622
38803	23059	26627	42672	38968
22918	26403	42655	39237	23008
26378	42693	39064	22861	26770
42486	39031	23195	26400	42281
39381	23466	26387	42246	39043
23145	26518	42549	38861	22742
26682	43023	38847	22307	26750
43193	38821	22205	26575	43487
39255	21994	26233	43778	39507
21757	26038	43784	39558	21774
26042	43879	39407	21623	25978
43814	39469	21658	25623	43798
39908	21710	25779	43696	39759
21839	25927	43563	39544	21909
26065	43931	39673	21689	25887
43978	39461	21492	26250	44128
39294	21480	26005	44240	39702
21390	26000	44369	39411	21416
26210	44008	39528	21580	25945
44165	39953	21460	25557	44003
40073	21824	25366	43493	40490
22108	24696	43462	40742	22159
24923	42993	40368	22605	25117
42638	40435	22914	25001	42509
40585	23116	24812	42477	40890
22963	24736	42695	40688	22739
24764	42830	41047	22802	24219
42683	41585	22670	23976	42858
41596	22820	23919	42814	41529
22792	24004	42674	41194	23070
24645	42653	41165	22864	24381
42611	41293	22668	24250	42959
41027	22615	24322	42916	41263
22879	24113	42504	41235	23027
24088	42358	41402	23227	23946
42294	41898	23226	23691	42186
41817	23246	24052	42342	41603
23208	24300	42562	41303	22848
24218	42829	41443	22835	23946
42653	41448	22956	24096	42751
41580	22868	23975	42710	41595
22992	23953	42525	41494	23015
23690	42426	41661	23232	23908
42289	41467	23275	24117	42186
41396	23483	24234	42039	41486
23530	24027	41938	41499	23237
24131	42381	41343	23208	24280
42205	41365	23396	24163	42202
41688	23227	23713	42218	41869
23308	23436	42073	42031	23420
23294	42108	42000	23590	23363
41581	42387	24227	23241	41397
42262	23935	23421	41564	42041
23998	23457	41594	42228	23987
23276	41426	42279	24247	23496
41324	42034	24250	23440	41328
42063	24031	23696	41473	41916
23983	23580	41448	41679	24235
23921	41464	41474	23993	23998
41645	41516	23537	23853	41975
41767	23476	23543	42202	41944
23313	23767	42377	41760	23339
23504	42408	42204	22973	22976
42708	42477	22653	22899	42988
42622	22307	22835	43145	42448
22409	23151	43244	42297	22206
23357	43365	42232	22253	23604
43534	41715	22110	23767	43525
41914	21857	23520	43885	42305
21537	23312	43983	42074	21475
23608	44073	41571	21651	24389
44106	41103	21567	24474	43871
40940	21596	24462	43761	40792
21904	24610	43430	40935	22216
24690	43524	41025	21897	24420
43633	40983	21907	24592	43619
40973	21928	24353	43826	41325
21466	24317	44057	41264	21673
23967	43657	41704	21728	23716
43672	41782	21668	23752	43842
41390	21416	24461	43830	41075
22000	24510	42921	40963	22821
24518	42658	41119	22646	24927
43010	40357	22472	25364	43109
40108	22176	25734	43346	39912
22201	25585	43409	40019	22151
25536	43275	40236	22140	25232
43306	40553	22437	24975	43123
40595	22390	24975	42962	40583
22733	25090	42917	40268	22672
25113	42797	40651	22717	24500
42822	41469	22686	23919	42820
41670	22710	23808	42871	41918
22482	23499	43008	41975	22783
23409	42777	41880	22716	23475
42814	41896	22475	23665	43195
41843	22376	23594	43255	42298
22443	23139	42953	42233	22720
23252	42924	41975	22333	23366
43208	42004	22066	23580	43479
41857	21929	23562	43840	42099
21823	23566	43881	41876	21730
23606	44133	41705	21350	23953
44282	41744	21282	23596	44420
41952	21319	23587	44144	41862
21244	23683	44362	41840	21203
23637	44108	41583	21230	24094
44292	41347	21244	23991	44148
41633	21349	24044	44241	41528
21224	23862	44299	41404	21122
24210	44763	41243	20539	24401
44924	41317	20528	24280	45156
41303	20433	24697	45005	40873
20638	24610	44436	40696	21435
24662	43990	41007	21307	24787
44411	40901	21370	24619	43934
41260	21794	24518	43687	41292
21544	24151	44160	41754	20984
23648	44501	42008	21050	23294
44408	42374	20799	23097	44554
42261	20942	23173	44630	42167
21101	23504	44615	41932	20708
23762	44594	41760	20974	24027
44518	41431	20952	24403	44486
41096	20775	24762	44769	40944
20713	24615	44959	40862	20363
24411	45086	41178	20690	24273
44556	41414	21185	24225	44425
41476	21190	24094	44411	41428
21176	24122	44349	41209	21430
24183	44084	41514	21673	23835
44027	41654	21450	23868	44333
41787	21287	23461	44041	42224
21925	23320	43575	42314	21875
23328	43695	42259	21698	23206
44187	42656	21201	23191	44381
42262	21069	23669	44535	41893
20932	23700	44511	41929	20963
23967	44264	41521	21388	24305
43872	41449	21788	24202	43706
41157	22110	23979	43286	41620
22295	23696	43081	41804	22503
23628	43137	41979	22441	23551
43348	42061	21801	23222	43631
42225	22032	23395	43329	42310
22506	22936	42657	42609	23159
22846	42364	42827	23257	22835
42244	42725	23326	22687	42476
42822	23312	22584	42315	42801
23483	22800	41797	42610	23953
22850	41556	42497	23950	23326
41112	42203	24555	23374	40618
42212	24727	23428	40916	42360
24725	22872	41024	42717	24200
22899	41425	42613	23999	22721
41320	42989	23917	22340	41422
43250	24218	22343	40973	43148
24251	22179	41366	43459	24092
22088	41469	43414	24164	21907
41442	43898	24079	21492	41487
44021	24001	21343	41507	44498
23927	21331	41861	43971	23810
21535	41762	43872	23873	21431
41649	44365	23794	20924	42203
44574	23211	20923	42207	44642
23419	20899	42337	44462	23315
21175	42509	44338	23021	21234
42450	44378	23126	21167	42366
44495	23172	20848	42043	44906
23552	20873	41795	44640	23784
21002	41511	44368	24053	21409
41646	44092	23913	21451	41579
44216	23857	21427	41919	44006
23420	21392	42329	43849	23370
21874	42260	43643	23086	21862
42544	43680	23210	22148	42470
43502	22876	22246	42667	43324
22925	22335	42361	43388	23259
21735	42488	43990	23193	21139
42294	44295	23132	21167	42346
44484	22915	21089	42678	44436
22880	21390	42681	44037	22662
21314	42889	44304	22327	21053
43423	44513	22090	20738	43045
44963	22796	20549	42597	44904
23154	20805	42068	44570	23564
20895	42059	44632	23513	20672
41999	45032	23526	20609	41829
44906	23830	20746	41592	44967
24164	20403	41574	45192	23974
20397	41782	45183	23670	20403
41635	45183	23986	20473	41726
44869	23952	20834	41353	44753
24204	20672	41268	44834	24453
20618	41238	45069	24438	20340
41145	44999	24388	20241	41514
45100	23871	20442	41825	45048
23637	20260	42006	45131	23492
20428	41902	45129	23332	20323
41978	45550	23810	19837	41633
45575	24072	20009	41253	45547
24444	19937	40759	45589	24767
20008	40981	45258	24846	20420
40900	45049	24447	20424	41006
45447	24166	20013	41416	45756
24038	19632	41612	45848	24150
19727	41582	45885	23866	19914
41618	45439	23916	20157	41817
45256	23774	20398	41388	45211
24097	20117	41047	45363	24786
20291	40413	45203	25130	20554
40211	44889	25271	20810	39926
44545	25741	21138	39665	44173
25838	21372	39619	44251	25863
21342	39761	44191	25642	21416
39919	44246	25696	20923	40134
44647	25351	20903	40474	44766
24862	20757	40756	44697	24980
20841	40670	44736	24856	21082
40343	44342	25260	21330	40223
44249	25414	21104	40123	44481
25263	20848	40290	44774	25372
20684	40166	45129	25570	20364
39801	45548	25776	19994	39741
45447	25742	20212	39648	45185
25841	20388	39867	45510	25447
19899	39960	45605	25628	19878
40071	45312	25507	20337	39865
45115	25618	20445	39995	44975
25522	20436	39942	45135	25514
20436	40173	45530	25205	19867
40240	45795	25117	19893	40429
45536	24843	20218	41106	45190
24587	20519	41006	44712	24274
21109	41139	44431	24361	20971
41083	44718	24450	20829	41264
44617	24014	21055	41863	44169
23543	21480	41924	44189	23403
21186	42028	44102	23788	21296
41612	44478	24133	21037	41435
44713	24146	20881	41470	44609
24184	21074	41406	44270	24026
21596	41562	43863	24084	21763
41518	43972	24168	21426	41283
44194	24250	21224	41469	44108
23719	21658	41954	44005	23633
21556	42080	43685	23409	21918
42057	43662	23225	21871	42538
43754	22731	21882	42633	43480
23036	21877	42484	43697	23219
21954	42543	43625	23055	21837
42511	43535	23073	22229	42346
43590	23241	21785	42076	43687
23520	21651	42327	43915	23146
22159	42662	43046	22663	22677
42978	42595	22497	22936	42973
42601	22716	22759	42585	43183
23120	22359	42769	43526	23137
22081	42269	43557	23282	21716
42420	44061	23008	21619	42771
43860	22639	21877	42730	44025
22876	21449	42597	44055	22852
21453	42916	44015	22617	21357
42850	43969	22810	21486	42687
43764	22934	21906	42654	43636
22926	22112	42944	43442	22610
22037	42902	43225	22478	22453
43004	43052	22924	22611	42686
42627	22900	22738	42850	42940
22487	22610	43129	43189	22314
22178	42951	43210	22430	22407
43228	43299	22266	22067	43316
43501	22328	21887	43230	43761
22155	21453	43348	44101	22079
21243	43209	44286	22296	21110
42953	44428	22573	21009	42906
44470	22687	21219	42670	44434
22679	20984	42690	44540	22817
21197	42819	44410	22453	21382
43130	44119	22498	21397	42987
43799	22534	21845	42853	43502
22693	22109	42716	43450	22767
21908	42908	43841	22603	21446
42794	44270	23149	21241	42026
44240	23629	21238	42063	44494
23331	21071	41982	44582	23501
20786	42139	44971	23620	20252
42237	45306	23244	20101	42498
45104	23065	20433	42468	44741
23026	21010	42670	44295	22356
21471	43352	43698	21984	21642
43608	44018	21818	21658	43816
43755	21751	21784	43848	43543
21590	22190	44054	42981	21389
22508	44046	42838	21682	22776
43796	42375	21711	23287	43896
42329	21769	23275	43559	42495
22072	23016	43391	42710	22103
22879	43487	42760	21960	22797
43694	42472	21665	23318	43950
42304	21567	23392	43842	42151
21894	23553	43566	42014	21886
23691	43508	41875	22093	23706
43306	41999	22379	23794	43094
41577	22625	24059	42787	41682
22685	23739	42826	41786	22757
23929	42982	41463	22839	24076
42795	41197	22789	24523	42762
40924	22928	24754	42514	40901
23180	24851	42580	40581	23094
25080	42474	40366	23375	25301
42202	40333	23409	24958	42076
40610	23435	24990	42118	40747
23295	24512	42178	41056	23506
24487	41875	41087	23673	24453
41902	41474	23423	23738	42002
42097	23830	23500	41472	42008
24076	23657	41296	42025	24179
23570	41419	41949	24008	23138
41466	42532	23806	23007	41717
42521	23686	23110	42165	42462
23428	23177	41929	42206	23548
23210	42096	42452	23508	23193
41766	42498	23645	22966	41941
42591	23572	22954	42103	42638
23204	22959	42349	42536	23289
23050	42444	42500	23093	23237
42299	42428	23493	23040	42107
42281	23638	23325	41931	42349
23495	23287	41777	42428	23420
23300	42117	42333	23371	23262
42106	42346	23502	23264	41825
42591	23916	22551	41547	43015
23888	22459	41623	43181	24001
22302	41446	43232	24371	21897
41034	43916	24560	21597	40950
43848	24942	21442	40437	44132
25273	21320	40232	44296	25347
21056	40044	44637	25417	20618
40311	44896	24972	20712	40565
44746	25071	20872	40450	44536
25018	21126	40580	44380	24944
20961	40834	44456	24915	21151
40601	44526	24836	20981	40727
44638	24578	20927	41285	44754
24003	20663	41664	44480	23980
21130	41605	44217	23888	21570
41720	43688	23779	22175	42025
43363	23305	22251	42191	43218
23494	22401	41859	43111	23845
22856	41628	42667	23991	23148
41399	42241	24555	23415	40895
41556	24780	24191	40741	40920
24627	24735	40946	40775	24331
24828	41309	40548	24077	24829
41435	40746	24006	24794	41396
40698	24162	24692	41609	40828
24009	24485	41442	41065	24034
24598	41650	40636	23664	25067
41894	40355	23697	25188	41903
40362	23637	25066	41524	40413
24194	25290	41270	40116	24268
25296	41089	40535	24494	24723
41020	40991	24129	24295	41266
41269	24284	24171	41578	41006
23583	24563	42063	41137	23327
24423	42424	41086	23003	24625
42440	40717	22830	24769	42634
41007	22679	24446	42983	41022
22437	24395	42989	41255	22452
24190	43447	41363	22043	24297
43512	41411	22034	24054	43515
41642	22092	23865	43486	41729
22299	23664	43258	41782	22177
23816	43364	41752	22375	23734
43295	41771	22421	23926	43096
41366	22310	24108	43316	41518
22281	23996	43006	41770	22583
23698	42835	41928	22830	23513
42712	41620	22672	24098	42681
41409	22809	23972	42644	41774
23090	23835	42357	41553	23203
23900	42505	41453	22986	23883
42553	41653	23063	24004	42421
41430	22877	24507	42817	40582
22822	24948	42667	40379	22950
25440	42620	40171	22827	25701
42523	39619	22886	25700	42511
39661	22649	25763	42828	39569
22569	25961	43212	39699	22279
25982	43535	39509	22041	26092
43508	39416	22233	26025	43213
39499	22142	25950	43654	39508
21889	26168	43565	39545	21715
25888	43741	39686	21645	25865
43971	39651	21658	25736	44152
39808	21082	25863	44588	39449
20830	25953	44666	39469	21033
25998	44463	39250	21247	26067
44082	39777	21595	25809	44053
39799	21529	25846	43652	39605
21874	26288	43533	39355	22096
26027	43432	39694	22121	25543
43475	39979	22287	25336	43365
40294	22125	25148	43339	40238
22303	25603	43203	39733	22281
25893	43122	39482	22464	26168
43195	39202	22102	26486	43579
38881	22124	26779	43530	38782
21896	26855	43539	38487	22070
27236	43164	38442	22640	26916
42885	38857	22564	26630	43012
38801	22573	27148	42965	38289
22306	27296	43358	38149	22479
27558	43050	38006	22599	27536
43186	37858	22572	27785	43100
37731	22390	27965	42894	37562
22724	27578	42817	37956	22527
27459	43060	37983	22433	27646
43026	38064	22514	27409	43307
38020	22046	27488	43701	38264
21946	27376	43373	38339	22333
26846	43245	38747	22290	26762
43357	38552	22078	26860	43710
38842	22017	26587	43715	38845
21634	26764	44083	38734	21465
26851	44259	38634	21440	27042
44141	38339	21673	27222	43715
38305	21971	27109	43688	38446
21631	26985	43889	38648	21624
26818	43833	39192	21929	25987
43962	39646	21530	25723	44172
39571	21511	26126	43789	39597
21746	25729	43882	39869	21642
25859	43705	39568	22109	26135
43042	39323	22245	26061	43454
39271	21693	26362	44289	39350
20947	26153	44583	39224	21165
26168	44131	39390	21361	26377
44033	39262	21664	26042	43894
39610	21807	26016	43921	39514
21441	26189	44431	39373	20925
26152	44897	39639	20187	25643
45352	40091	20165	25298	45351
40309	20359	25243	45174	40352
20344	25234	45007	40116	20380
25091	45238	40427	20510	25111
45234	40472	20223	24932	45319
40561	19886	24946	45771	40235
19729	25444	45805	40122	19927
25340	45514	40198	20131	25183
45372	40291	20321	25002	45006
40469	20496	25192	45155	40092
20440	25818	45009	39801	20472
25623	44982	39742	20348	25664
44983	39740	20628	25717	45154
39539	20366	26183	45361	39469
20122	26185	45574	39340	20045
26085	45620	39377	19963	26080
45367	39574	20154	25924	45270
39551	20134	25881	45444	39528
20012	25842	45704	39765	19819
25610	45579	40255	20082	25281
45516	40429	20075	25288	45660
40346	19981	24982	45671	40322
20029	25048	45615	40668	19715
24763	45866	40931	19653	24344
45757	41253	19507	24239	46196
41210	19413	24264	46060	41269
19677	24362	45689	41030	19861
24604	45862	40637	19450	25022
46028	40333	19494	25159	45970
40193	19582	25605	45786	39948
19978	25422	45300	40094	20161
25294	45584	40503	19814	24770
45764	40716	19691	24482	45772
41163	19904	24710	45504	40595
20019	24876	45625	40857	19835
24575	45763	40786	19748	24836
45845	41063	19654	24345	45684
40931	19892	24915	45556	40548
20051	25189	45541	40470	20023
25282	45611	40097	20068	25540
45500	40006	19952	25768	45549
39792	20042	25524	45387	39969
20024	25576	45420	39938	19993
25513	45572	40100	20122	25450
45646	40087	20066	25477	45320
40246	19978	25065	45704	40545
19657	25061	45870	40368	19611
25117	45873	40634	19696	24792
45914	40655	19228	24964	46417
40368	19085	25164	46446	40313
19290	25138	45841	40391	19338
25233	46293	40049	19150	25499
45950	39924	19732	25987	45589
39540	20291	25957	45093	39505
20248	26409	45058	39060	20452
26630	45261	38922	19999	26653
45611	38604	20005	27129	45413
38319	20292	27327	45428	38026
20100	27440	45556	38263	19853
27066	45796	38401	19663	27364
45691	38136	19823	27561	45779
37987	19789	27506	45695	37936
19798	27759	45655	37836	19893
27477	45500	37996	20055	27496
45372	38040	20213	27433	45382
38106	20270	27491	44896	37614
20549	28008	44803	37656	20823
27753	44893	37808	20705	27416
45133	38273	20482	27363	45066
37975	20504	28052	44856	37317
20850	28420	44457	36996	21011
28645	44148	37069	21545	28697
43800	36806	21990	28754	43491
36810	21600	28911	44168	36368
21027	29305	44765	36023	20473
29459	44948	35695	20667	29940
44767	35464	20700	30193	44680
35169	20828	30290	44640	35461
20858	30486	44878	35215	20356
30370	45197	35459	20580	29984
45202	35243	20285	30302	45095
35284	20305	30378	45282	35534
20592	29977	45169	35276	20252
30369	45385	35023	20110	30903
45639	34267	19921	31394	45895
34070	19782	31345	45930	34351
19460	31112	46434	34382	19226
31186	46278	34119	19233	31443
46579	34332	19059	31184	46858
34347	18687	31285	46685	34247
18976	31280	46596	34517	19127
30713	46214	35277	19476	30355
46143	35143	19255	30322	46280
35293	19142	29862	46454	35876
19111	29808	46348	35806	19273
29510	46195	36224	19594	29395
45908	36257	19740	29378	45741
36057	19759	29409	45730	36194
19931	29330	45730	36103	20115
29620	45331	36016	20040	29341
45353	36230	20049	29320	45550
36118	20317	29408	45390	36073
19933	29466	45551	36164	20200
28999	45512	36589	20073	28566
45684	37009	20053	28279	45399
37432	19997	27871	45596	37670
19941	27614	45417	37765	19953
27802	45763	37848	20107	27566
45551	37855	20086	27457	45680
38006	20020	27390	45503	38382
20199	27513	45334	38095	20201
27433	45670	38195	19572	27187
46014	38500	19314	27053	46324
38271	19159	27304	46463	38197
19219	27247	46057	38111	19584
27263	45871	38161	19923	27483
45665	38026	19919	27667	45415
38094	20286	27441	44990	38038
20641	27220	44526	38256	21275
27010	44295	38594	21278	27038
44062	38660	21657	26710	43765
38918	21575	26393	44021	39113
21454	26312	44398	39191	21155
26391	44785	39064	20684	26742
44994	38757	20606	26819	45127
39003	20098	26561	45647	38786
19862	26943	45628	38476	20371
27074	44930	38200	20863	27388
44497	38131	21144	27550	44203
37852	21341	27631	44073	37945
21537	27618	44064	37864	21600
27839	44124	37545	21424	27981
43891	37679	21703	27910	43691
37503	22069	28371	43234	37003
22335	29025	43172	36897	22291
28557	43437	37033	21954	28533
43556	36931	21858	28591	43787
36921	21646	28380	43919	37259
21541	28431	44214	37068	21291
28344	44478	37197	20942	28623
44632	36541	20933	28974	44789
36443	20597	29245	45171	36237
20261	29251	45308	36493	20309
29128	45199	36127	20261	29532
45412	35777	19999	29757	45426
36106	20009	29298	45557	36342
19587	29079	46084	36681	19159
29139	46368	36461	19244	28804
46240	36884	19281	28381	46281
37184	19410	28404	46131	37104
19689	28317	45877	37463	19780
28524	45789	37119	19755	28187
45557	37376	19976	28197	45693
37193	19711	28239	45892	37057
19690	28536	45639	36884	20126
28466	45408	37142	20068	28264
45371	37573	20343	27879	44976
37977	20720	27618	44934	38012
20814	27372	44494	38205	21128
27371	44244	38053	21284	27392
44252	38220	21510	27192	43859
38128	21701	27412	44018	38332
21313	27272	44321	38311	21040
27224	44336	38190	21227	27237
44175	38144	21729	27476	43811
37915	21479	27792	44361	37817
21205	27735	44301	37815	21281
27668	44210	37829	21228	27813
44593	37557	20968	28009	44699
37621	20670	28220	45070	37159
20059	28517	45449	36600	20247
28985	45243	36541	20426	28956
45133	36836	20546	28685	44980
36732	20516	28795	44997	36539
20649	28920	45112	36557	20403
28932	45239	36694	19971	28710
45561	37035	19922	28559	45433
36945	20336	28556	45515	37071
19998	28676	45312	36942	20153
28746	45154	36719	20131	28696
45585	36930	19963	28685	45777
36986	19985	28387	45564	37122
19991	28444	45771	36975	19807
28133	45741	37236	19653	28307
45674	37135	19990	28536	45196
36905	20739	28584	44571	36982
20939	28459	44508	37200	20985
28380	44710	37068	20910	28843
44660	36510	20966	29326	44552
36092	21029	29253	44605	36091
20549	29621	45432	36056	20016
29617	45721	35715	19613	29854
45915	35842	19842	29801	45443
35790	19862	29957	45820	35963
19615	29515	45982	35872	19637
29424	46139	36520	19186	28784
46467	36844	18869	28823	46860
36539	18868	29055	46492	36271
18957	29501	46463	36020	19134
29516	46261	35996	19293	29381
46257	36256	19427	29187	46392
36350	19003	29212	46601	36231
18831	29299	46616	35952	18988
29737	46830	35791	18602	29710
46904	35968	18582	29564	46854
35921	18699	29589	46847	35866
18821	29857	46729	35701	18834
29820	46583	35984	19034	29478
46711	35817	18809	29743	46825
35544	18566	30110	47080	35389
18458	30134	47034	35430	18272
30327	47283	35175	18181	30421
47232	35132	18394	30155	46906
35268	18646	30507	47010	34979
18177	30651	47537	34615	18155
31049	47263	34738	18604	30808
47027	34646	18562	30555	47134
34999	18468	30468	46790	35042
18839	30189	46619	35287	19058
29953	46330	35907	19528	29427
46026	36388	19747	28878	45664
36831	20045	28641	45559	37103
20292	28217	45130	37573	20638
27981	44820	37540	20969	27910
44490	37618	20915	27887	44330
37461	20999	28242	44430	37079
21120	28527	44400	37024	21113
28297	44360	36966	20990	28629
44660	36883	21093	28589	44808
36889	20625	28881	44755	36487
20720	29273	44740	36535	20708
29048	44825	36178	20517	29532
45261	36014	20053	29708	45250
35960	20311	29387	45212	36207
20596	29461	44613	35987	20654
29492	44498	35876	20810	29628
44587	35858	20928	29653	44481
35962	21216	29446	44382	36054
21133	29138	44378	36248	20992
29461	44544	35804	20898	29884
44700	35781	20880	29298	44579
36105	20864	29441	44745	36022
20593	29551	44867	36111	20718
29469	44782	35840	20788	29663
44622	35896	20928	29670	44382
36113	21257	29103	44201	36692
21624	28969	43891	36290	21572
29310	44374	36252	20733	29271
45065	36218	20476	29333	45288
36214	20096	29311	45754	36266
19713	29137	45747	36431	19916
28974	45567	36532	20176	28876
45315	36585	20458	29267	44912
36523	20659	28814	45090	36569
20534	28901	44903	36572	20562
29378	45216	36210	20214	29337
45310	36082	20162	29416	45407
36075	20208	29286	45430	36333
20365	29398	44934	36074	20598
29539	44989	35860	20768	29932
44518	35763	21088	29896	44476
35852	21123	29766	44143	35904
21511	29798	44198	35718	21369
29701	43926	35961	21439	29249
44126	36579	21333	28680	44365
36942	21151	28359	44147	37515
21403	27832	43923	37972	21674
27199	43983	38619	21673	26761
43892	38999	21692	26777	43796
38733	21812	26871	43727	38821
21816	26564	43648	39209	21806
26372	43865	39423	21696	25947
43777	39574	21972	25954	43476
39453	22066	25836	43387	39853
22329	25600	42987	39814	22818
25654	42868	39684	22684	25782
43006	39569	22375	25926	43290
39728	22074	25780	43555	39706
21812	25718	43776	39684	21571
25916	44013	39806	21723	25644
43919	39887	21951	25791	43509
39884	21953	25500	43536	39915
22115	25617	43543	39917	21641
25478	43927	40150	21604	25210
43778	40308	21811	25081	43741
40478	21649	24970	43910	40751
21520	24952	44236	40397	21536
25236	43780	40652	21707	25011
43396	40038	22087	25707	43452
39540	21879	25882	43792	39626
21514	26058	43976	39355	21563
26105	43804	39664	21840	25925
43750	39781	21542	25431	44018
40214	21656	25176	44144	40403
21679	24895	43784	40786	21682
24624	43451	41084	22028	24458
43340	41095	22209	24362	42964
41095	22374	24169	43400	41487
22177	24050	43394	41400	22198
24030	43589	41754	21802	23612
43688	41839	21851	23790	43600
41714	22009	24139	43186	41217
22751	24448	43086	40931	22514
24852	42875	40667	22778	24873
42684	40483	22944	25284	42365
40352	23229	24780	42262	40854
23496	24655	41982	40785	23701
25114	42089	40327	23378	25114
42194	40341	23115	25441	42396
40100	23068	25534	42760	39923
22814	25728	42614	39500	22936
26034	42473	39750	23283	25772
42108	39697	23510	25760	42130
39832	23162	25795	42451	39920
23256	25460	42154	40046	23565
25402	41783	40268	23971	24990
41570	40545	24308	24673	40956
40989	24765	24595	40817	40823
24793	24514	40854	40818	24657
24618	40869	40833	24435	24620
41190	40845	24208	24462	41236
41164	24166	24389	41293	40978
24230	24293	41447	40946	24208
24581	40932	40965	24756	24683
40635	40752	25121	24965	40559
40569	24939	24973	40375	40290
25289	25268	40096	40345	25822
25398	39838	40062	25573	25276
39977	40322	25601	25170	40056
40148	25600	25360	39968	40124
25333	25536	40221	39745	24936
25938	40777	39417	24637	26225
40951	39301	24770	26242	40966
39570	24337	25940	41384	39601
24238	25988	41532	39448	24043
25877	41448	40096	24186	25276
41308	40363	24118	24949	41656
40504	23854	25298	41793	40226
23840	25426	41746	40121	23677
25559	41876	39920	23475	25471
42013	40024	23416	25548	42121
39617	23455	25735	42194	40005
23269	25478	42529	40263	22931
25082	42735	40356	22914	25132
42666	40299	22960	24992	42435
40595	23285	25076	42225	40384
23460	25288	41905	39946	23592
25496	41602	40082	24074	25554
41304	39865	24124	25727	41382
39753	24111	25773	41374	39784
24237	25767	41335	39882	24173
25548	41276	40031	24315	25429
41291	40153	24169	25159	41234
40503	24527	24959	41091	40553
24375	25206	41277	40077	24240
25266	41286	40289	24165	25228
41351	40424	24381	24900	41339
40828	24205	24588	41368	41054
24315	24090	41002	41389	24604
24188	40745	41459	24724	24087
40615	41482	24942	24215	40961
41366	24524	24353	41000	41192
24825	24395	40660	41339	24877
24198	40547	41305	25284	24453
40216	41124	25200	23998	40571
41417	24701	24057	40662	41444
24761	23865	40746	41672	24699
23634	40583	41879	25356	23495
40149	42198	25473	23116	40221
42298	25363	23351	40500	42120
24822	23771	40716	41544	24776
24398	40693	41168	24996	24697
40553	40725	24716	24861	40756
40535	24601	24934	41073	40879
24394	24648	41217	40770	24623
24688	40655	40700	24906	24956
40569	40571	24912	25026	40539
40502	25143	24881	40233	40683
25600	24771	39949	40927	25291
24443	40302	40996	25285	24636
40256	40749	25183	25031	40134
40464	25480	25155	39835	40294
25787	25195	39596	40202	25966
25083	39632	40694	25781	24743
39961	40988	25419	24780	40362
40634	25391	24980	40283	40525
25116	25161	40386	40362	25169
25314	40232	40318	25316	25178
40394	40183	24893	25731	40890
39746	24643	25597	40948	40122
24221	25192	41416	40321	24120
25155	41537	40221	23908	25700
41679	39757	23964	25596	41364
39999	24101	25444	41159	40020
24421	25617	41259	39889	24161
26050	41567	39261	23822	26169
41763	39333	23547	26377	42028
39162	23546	26378	41766	39142
23843	26511	41333	38767	24135
26763	41454	38541	24030	27263
41229	38181	24703	27434	40511
38002	25163	27912	40239	37561
25216	28055	40270	37470	25540
28308	39881	37025	25770	28402
39916	37168	25559	28184	39867
37476	25599	27964	40196	37801
25136	27577	40443	38385	25179
26951	40324	38619	25331	26933
40071	38439	25416	27197	40029
38284	25440	27187	40236	38428
25268	27140	40415	38424	25076
27355	41042	38098	24269	27476
41419	38020	24104	27402	41560
37764	24295	27959	41116	37668
24625	28085	40855	37566	24800
27872	40595	37738	24866	27948
40516	37627	24994	28038	40306
37404	25127	28128	40431	37324
24975	28012	40629	37369	25009
28100	40593	37454	24995	27908
40777	37617	25024	27830	40797
37821	24753	27446	40957	38238
24563	27232	41193	38366	23975
27238	41580	37831	23887	27929
41457	37433	24101	28244	41336
37270	24483	28059	40868	37737
24911	27846	40587	37514	25058
27717	40411	38021	25250	27349
40027	38398	25470	26998	40132
38717	25455	26527	40116	39542
25715	25869	39765	40137	25969
25614	39659	39976	25983	25411
39565	40274	26011	24811	39671
40815	25868	24416	39761	41252
25656	24188	39880	41558	25812
23853	39627	41573	25802	24271
39464	41168	26102	24384	39673
41067	25782	24513	39757	41055
25852	24703	39820	40720	25743
24780	39770	40511	25962	25339
39496	40268	26076	25366	39466
40141	26036	25558	39323	39827
26198	25593	39076	39936	26425
25538	39374	39828	26059	25875
39442	39521	26064	25943	39627
39413	25842	25755	39880	39826
25804	25600	39504	39913	26268
25723	38943	39714	26645	25758
38897	39707	26507	25657	39073
40035	26351	25348	38975	40285
26814	24958	38590	40744	27192
24691	38088	40739	27298	24319
38251	41337	27484	24030	38163
41556	27439	24210	38101	41647
27522	23367	37957	42348	27442
23059	38012	42462	27563	23032
37607	42795	27947	22694	37606
43133	27891	22201	37629	43534
27847	21919	37673	43951	27958
21454	37453	44262	28079	20917
37295	44726	28305	20595	36991
44708	28465	21023	37145	44225
28389	21369	36894	43645	28718
22024	36861	43659	28692	22025
36630	43851	28981	21606	36553
43868	29052	21471	36444	43865
28726	21941	37027	43761	28608
22001	37028	43459	28524	22120
37091	43641	28325	21924	37262
43500	28372	22076	37480	43582
27779	21954	37902	43702	27600
21871	38097	43676	27749	22044
37971	43713	27682	21707	37801
43888	27663	21577	38118	43916
27354	21568	38223	44092	27425
21156	38001	44198	27561	21109
38039	44517	27431	21047	38187
44639	27233	20985	38012	44329
27643	21298	37949	44181	27871
21420	37623	43965	27921	21308
37883	44174	27827	21159	37660
44368	27813	21353	38035	44099
27504	21443	38030	44148	27200
21336	38225	44338	27717	21309
37810	44175	27501	21338	37904
43952	27713	21587	37948	43950
27767	21491	37796	44230	27770
21231	37709	44502	27962	21021
37590	44698	27906	21119	37733
44206	27625	21184	37744	44228
27620	21178	37710	44441	27631
21028	37877	44551	27802	20945
37459	44603	28033	21111	37194
44640	28497	20805	36907	44848
28785	20627	36752	45104	28805
20071	36865	45425	28851	19964
36272	45633	29129	20000	36380
45697	29057	19964	36569	45686
28659	19772	36953	45968	28435
19610	37260	45955	28081	19753
37378	45668	28207	20091	37093
45649	28543	20041	36940	45604
28821	19880	36580	45727	29145
19762	36314	45802	29027	19790
36522	45794	29188	19523	36266
45944	29310	20100	35955	45005
30046	20838	35396	44597	30243
21003	35104	44705	30236	20880
35274	44735	30156	20572	35360
45165	30198	20155	35373	45262
30405	20399	34909	44957	30611
20378	34935	45123	30621	20437
34881	44861	30660	20876	34860
44747	30866	20975	34651	44514
30982	20983	34451	44480	31194
21103	34055	44361	31571	21411
34093	44066	31645	21417	34037
44092	31632	21418	34033	44059
31746	21411	33635	44263	32073
21190	33462	44682	32360	20655
33222	44951	32268	20399	33332
45284	32139	20381	33464	45188
32390	20408	33108	45170	32563
20388	32925	45230	32661	20224
32995	45334	32525	20074	32725
45325	33066	20086	32285	45662
33096	20055	32389	45512	33391
19902	32290	45628	33181	19844
32517	45343	32664	20273	33234
45274	32456	20415	33378	44737
31995	21250	33762	44189	31477
21365	33950	43998	31664	21796
33731	43649	31705	21851	33941
43715	31675	21768	33990	43843
31573	21716	34115	43832	31378
21442	34101	43945	31413	21703
33935	43879	31474	21781	34094
43810	31546	21514	34026	44266
31494	21175	34313	44560	31158
20719	34458	44840	30999	20756
34902	44783	30714	20830	34826
44515	30655	21060	35018	44373
30485	21439	34976	44008	30746
21562	35010	43943	30573	21713
34806	43683	30861	21958	34969
43690	30434	21662	35182	43783
30320	21885	35145	43848	30411
22006	35321	43721	30122	21513
35512	44146	30024	21344	35721
44065	29663	21287	35617	44264
30133	21265	35172	44072	30597
21511	34878	44219	30869	21305
34641	44076	30786	21604	34559
44008	31037	21382	34249	44116
31483	21696	34179	43545	31385
22323	33811	43091	31894	22690
33505	42817	32027	22766	33636
42754	31819	22547	33788	43201
31589	22088	34087	43452	31625
22231	34066	43235	31283	22354
34373	43443	31337	22105	34214
43534	31250	21957	34552	43747
30832	21684	34811	43679	30601
22050	35139	43506	30504	21923
35114	43405	30308	22325	35136
43306	30517	22224	35191	43421
30462	22009	35220	43675	30542
21760	34977	43904	30850	21329
34813	44382	30803	21043	34745
44606	30966	21004	34493	44539
30847	20998	34825	44711	30524
20948	35044	44378	30462	21248
35174	43997	30145	21684	35502
43762	29791	21844	35644	43620
29902	21880	35576	43745	30073
21929	35309	43777	30351	21891
35356	43605	30121	22068	35370
43530	30290	21756	35303	44030
30301	21637	35396	44018	30167
21764	35369	43917	30148	21969
35340	43496	29958	22112	35626
43284	29743	22306	36025	43127
29135	22575	36305	42997	29291
22648	35978	43023	29421	22394
36133	42997	29265	22571	36511
43316	28762	22175	37000	43249
28490	22331	36832	43275	28801
22371	36856	43079	28572	22471
37093	42992	28466	22300	37310
43555	28168	21704	37646	43834
27930	21636	37760	43982	27942
21496	37677	44114	27858	21409
38009	44143	27291	21583	38342
43974	27171	21309	38459	44283
26958	21179	38516	44357	26983
21290	38467	44218	27048	21183
38807	44477	26624	20782	38810
44741	26716	20492	38748	45058
26677	20568	38905	45129	26136
20478	39612	44963	26082	20854
39538	44567	25703	21011	40175
44534	25210	21139	40314	44366
25266	21159	40473	44300	24914
21270	40623	44228	25199	21482
40169	44019	25375	21807	40027
43676	25562	22173	39823	43360
25808	22170	39713	43267	25779
22316	40005	42979	25516	22768
40207	42629	25603	22968	39495
42477	26274	22945	39410	42458
25937	23071	39729	42265	26059
23134	39403	42210	26212	23304
39202	42100	26417	23614	39050
41737	26337	23886	39528	41304
25874	24420	39750	40800	25642
25002	40254	40430	25274	25141
40159	40708	25345	24612	40184
41182	25392	24297	40220	41482
25254	23544	40179	42085	25180
23378	40570	42139	25050	23562
40780	41950	24673	23467	41020
42259	24483	23211	41160	42433
24284	23068	41574	42365	24026
23192	41633	42200	23755	23054
42081	42364	23064	22971	42638
42657	22976	23081	42575	42592
23056	22906	42203	42602	23645
22940	41852	42616	23600	22975
41845	42608	23585	23205	41682
42219	24016	23261	41633	42191
23919	23340	41758	42002	23879
23531	41597	41894	23819	23567
41607	41899	24116	23579	41139
42170	24614	23311	40792	42430
24837	22951	40441	42419	24907
23314	40143	42297	25734	23136
39643	42221	25671	23611	40011
41754	25466	23752	39909	42241
25493	23199	40164	42306	25318
23217	40290	42469	25075	22816
40649	42594	24697	23121	41008
42531	24384	22956	41214	42629
24425	22939	41020	42693	24871
23060	40651	42668	24888	22903
40547	42757	25135	22819	40665
42759	24839	23125	40758	42269
24714	23204	40671	42262	24796
23402	40852	42285	24553	23102
41300	42331	24255	23346	41525
42194	24094	23472	41644	42158
23757	23569	41704	42032	23958
23575	41273	41771	24359	23672
40930	41699	24505	23797	41037
41754	24343	23883	41293	41889
24312	23669	41122	41687	24497
23781	40799	41697	24887	23539
40738	42160	24909	23287	40612
42433	24849	23028	40976	42808
24469	22679	40913	42923	24691
22332	41049	43138	24611	22488
41008	43217	24728	22165	40646
43756	24954	21656	40228	44150
25373	21488	40010	44019	25808
21750	39558	43810	25846	21662
40025	43948	25339	21388	40248
44264	25269	21313	40157	44253
25496	21481	40048	44335	25621
21072	40130	44576	25396	20782
40083	44962	25638	20498	39818
45072	25677	20716	39909	44958
25486	20797	40151	44764	25346
20644	40255	44768	25437	20742
40214	44819	24893	20845	40533
44306	24944	21085	40599	44340
24902	21130	40311	44522	25221
21043	40081	44449	25223	21278
40460	44050	25209	21215	40350
44370	25261	21210	40350	44181
25179	21414	40507	44104	25140
21438	40257	43936	25356	21401
40383	44164	25220	21662	40551
43715	24802	22014	40617	43475
24987	21957	40493	43425	25086
