9.00847 8.24486 6.92854 8.59137
8.34332 5.22036 6.9575 8.5307
8.32337 5.70378 6.94505 8.48818
8.28602 5.98141 7.0184 8.45297
8.24065 5.88888 6.92854 8.40111
8.21636 5.7869 6.88244 8.37793
8.18088 5.85507 6.83303 8.3311
8.15565 5.99894 6.78897 8.28602
8.11522 5.96871 6.72143 8.23854
8.08425 5.9108 6.74641 8.22282
8.07496 5.82895 6.80461 8.23616
8.03657 5.55296 6.66441 8.19368
8.01102 5.9135 6.70441 8.14902
8.00169 5.66296 6.64898 8.15191
7.9848 5.88053 6.56808 8.09864
7.94803 5.66988 6.56948 8.08733
7.93952 5.70711 6.58341 8.07962
7.93773 5.6058 6.46459 8.0618
7.90544 5.8861 6.47851 8.00737
7.91059 5.84354 6.49375 8.02027
7.8842 5.90263 6.57228 8.0077
7.84385 5.81413 6.51619 7.96936
7.86978 5.95324 6.59715 7.99463
7.85283 5.83481 6.56244 7.98582
7.85787 5.95584 6.50728 7.96207
7.82405 5.71043 6.4599 7.9505
7.82405 5.87212 6.4708 7.93416
7.79852 5.93754 6.62407 7.9413
7.80751 5.81114 6.286 7.88683
7.76302 5.70044 6.39359 7.88269
7.76345 5.7589 6.34914 7.86634
7.71735 5.84354 6.33328 7.80995
7.67833 5.8861 6.3315 7.76769
7.69712 5.81711 6.10702 7.74716
7.6516 5.9108 6.37502 7.75018
7.64635 5.84644 6.14419 7.7021
7.64874 5.99645 6.27288 7.70796
7.64204 5.94017 6.22851 7.7012
7.64396 5.86647 6.17379 7.70301
7.6454 5.88888 6.15273 7.69621
7.63385 6.03309 6.27476 7.68754
7.5863 5.82895 6.18002 7.65634
7.59488 5.80212 6.17587 7.66763
7.56164 5.86363 6.12249 7.61431
7.55171 5.7869 5.93225 7.57815
7.5251 5.77765 5.98394 7.56424
7.52348 5.66296 5.93489 7.57096
7.51861 5.82895 6.00881 7.55433
7.50108 5.69373 5.89715 7.53743
7.50494 5.77765 6.00881 7.55014
7.52994 6.11368 6.25383 7.56579
7.56838 5.99146 5.92959 7.55591
7.54327 5.93489 6.1591 7.59237
7.58782 5.92158 5.99396 7.6019
7.57302 6.09131 6.0845 7.57147
7.57763 5.8944 5.92959 7.58426
7.55747 5.84354 5.96358 7.58019
7.5224 5.85793 6.07074 7.56631
7.53048 5.83773 5.99645 7.56164
7.52779 5.77144 6.15273 7.60489
7.54168 5.54908 5.92158 7.6014
7.52348 5.72359 5.67332 7.51534
7.43721 5.83188 5.80212 7.4313
7.45645 5.79909 5.68017 7.43485
7.42297 5.99396 5.6204 7.34536
7.40914 5.9428 5.47646 7.3192
7.41156 6.02102 5.70378 7.34148
7.39265 5.9135 5.86647 7.38212
7.40974 5.85507 5.86363 7.41156
7.42714 5.83773 5.66643 7.39449
7.4055 5.84064 5.7869 7.39449
7.41337 5.8861 5.69036 7.374
7.42774 5.90808 5.80814 7.40671
7.39634 5.78996 5.58725 7.35883
7.37463 5.87493 5.76519 7.35116
7.40853 5.86079 5.77455 7.3908
7.37588 5.7589 5.46806 7.32449
7.39203 5.88053 5.69373 7.35372
7.38647 5.77144 5.50939 7.33954
7.35308 5.89164 5.79909 7.33237
7.38647 5.79909 5.50533 7.33302
7.37776 5.82305 5.76832 7.36645
7.37651 5.65599 5.22575 7.31189
7.39142 5.85793 5.82895 7.38523
7.37023 5.65599 5.48894 7.34213
7.35628 5.79909 5.59842 7.31721
7.39018 5.89164 5.72685 7.35564
7.34859 5.77144 5.57973 7.31189
7.37337 5.7301 5.22036 7.29302
7.32251 5.83773 5.53339 7.26123
7.31122 5.66988 4.92725 7.20415
7.29709 5.84064 5.09987 7.16704
7.26263 5.79301 5.09987 7.14045
7.27517 5.83481 5.26786 7.16704
7.29302 5.7301 4.91998 7.16935
7.257 5.70711 5.37528 7.19519
7.23201 5.75257 5.26786 7.14045
7.22475 5.86079 5.44242 7.1333
7.26193 5.7869 5.17615 7.15149
7.2385 5.88332 5.44242 7.14204
7.23778 5.81114 5.04343 7.10003
7.22984 5.80212 5.4848 7.1624
7.25488 5.76832 5.0814 7.13569
7.23273 5.69373 5.40268 7.17702
7.25488 5.84932 5.62762 7.20489
7.24351 5.58725 5.21494 7.18235
7.26473 5.69373 5.4848 7.22475
7.27725 5.45532 5.03044 7.21964
7.23562 5.69373 5.45532 7.18917
7.24065 5.75257 5.1358 7.1309
7.19669 5.72031 4.99043 7.07072
7.18917 5.7869 5.20949 7.07496
7.17012 5.86647 5.24175 7.03527
7.16317 5.8861 5.1985 7.01392
7.15774 5.8944 5.24175 7.01212
7.1317 5.84644 5.12396 6.97821
7.1325 5.87493 5.32788 7.00488
7.15149 5.7869 5.11799 7.0184
7.14362 5.88332 5.26786 7.00397
7.16472 5.88888 5.49717 7.06987
7.17396 5.94803 5.38907 7.03966
7.18007 5.84064 5.51745 7.10497
7.19744 5.81413 5.34233 7.09838
7.23056 5.78074 5.03044 7.09838
7.20638 5.78996 5.39363 7.12367
7.18463 5.7589 5.04343 7.05359
7.19218 5.76205 5.23644 7.08924
7.15149 5.92426 5.51343 7.04752
7.21082 5.94017 5.1985 7.05186
7.14362 5.86079 5.44242 7.04403
7.14283 5.89164 5.45532 7.03615
7.14677 5.82895 5.36598 7.04229
7.16704 5.89164 5.32301 7.03791
7.13728 5.90536 5.33754 7.00216
7.12206 5.88888 5.25227 6.97448
7.1107 5.6204 4.29046 6.92952
7.09008 5.83773 4.97673 6.90975
7.07072 5.76832 5.14749 6.93634
7.07157 5.8522 5.31812 6.94119
7.08171 5.78074 5.40717 6.99302
7.08506 5.68017 4.77912 6.92756
7.05531 5.82895 5.04986 6.88244
7.04054 5.69036 3.93183 6.79906
7.00851 5.95324 4.89035 6.74993
7.03086 5.84644 4.47734 6.77194
6.97541 5.66296 4.46591 6.76734
7.00125 5.71373 4.15888 6.75577
6.96697 5.83188 4.91265 6.75227
6.97261 5.54126 2.3979 6.71296
6.9613 5.64191 4.14313 6.72863
6.93731 5.77144 4.18965 6.65286
6.91274 5.59471 4.47734 6.71417
6.91274 5.65948 3.91202 6.64379
6.94409 5.64545 4.45435 6.7334
6.87626 5.44242 4.02535 6.67708
6.89061 5.54908 2.19722 6.59987
6.83626 5.48894 1.79176 6.54391
6.85646 5.50533 2.3979 6.54103
6.80904 5.54126 2.07944 6.46614
6.80793 5.63121 3.73767 6.50429
6.85961 5.63835 0 6.51026
6.85961 5.63835 3.78419 6.57368
6.87626 5.64545 4.17439 6.62141
6.87833 5.52943 2.94444 6.60394
6.86276 5.45959 2.56495 6.59851
6.86797 5.55296 2.94444 6.52796
6.83518 5.57973 2.48491 6.51767
6.82111 5.49306 3.4012 6.4677
6.79682 5.62402 1.94591 6.4151
6.77878 5.67675 3.17805 6.4151
6.78219 5.56068 3.71357 6.36475
6.74052 5.60947 2.99573 6.38519
6.75577 5.60212 1.09861 6.38182
6.76964 5.57595 3.21888 6.36647
6.82002 5.62402 2.70805 6.43615
6.80128 5.6058 3.21888 6.48004
6.81783 5.60212 2.48491 6.44731
6.83841 5.64545 2.07944 6.46459
6.84694 5.60947 3.91202 6.57647
6.86589 5.71373 3.8712 6.55678
6.91274 5.65249 1.60944 6.58617
6.86171 5.6058 1.09861 6.53088
6.83948 5.47646 2.3979 6.55962
6.84268 5.49717 3.29584 6.57925
6.8222 5.60212 3.93183 6.54822
6.89264 5.54518 0 6.59167
6.86276 5.6204 3.78419 6.58479
6.86485 5.39363 3.04452 6.57508
6.86276 5.68017 3.89182 6.56808
6.86797 5.56068 1.60944 6.55962
6.85646 5.68017 4.45435 6.6107
6.89871 5.57973 4.11087 6.66823
6.89871 5.52943 4.18965 6.69084
6.86276 5.52943 3.91202 6.62539
6.88959 5.59842 4.58497 6.69703
6.89366 5.50533 4.06044 6.68211
6.88755 5.59842 3.68888 6.62007
6.92756 5.75574 4.15888 6.64379
6.89568 5.87493 5.1299 6.68586
6.9489 5.77144 4.18965 6.66823
6.92658 5.72031 4.17439 6.65801
6.92264 5.86363 4.89035 6.6796
6.88346 5.63121 3.2581 6.58341
6.86797 5.70044 3.55535 6.54679
6.87213 5.77455 1.09861 6.46147
6.90575 5.8944 4.75359 6.62141
6.92461 5.61677 3.43399 6.56667
6.88038 5.84064 4.09434 6.53524
6.90975 5.70378 1.38629 6.54822
6.88755 5.80513 3.13549 6.50877
6.87936 5.68017 3.61092 6.46459
6.8742 5.93489 4.09434 6.47543
6.90375 5.79909 1.38629 6.50728
6.88346 5.84644 3.91202 6.52209
6.93147 5.86363 3.52636 6.55962
6.89163 5.82895 3.21888 6.50578
6.91771 5.73334 3.04452 6.58203
6.8533 5.69709 2.30259 6.49072
6.84588 5.74939 4.06044 6.52796
6.8773 5.81711 3.3673 6.49677
6.84801 5.826 3.46574 6.45362
6.85541 5.67332 3.21888 6.45047
6.83626 5.77455 3.3322 6.45677
6.85857 5.74939 2.89037 6.42972
6.78219 5.81711 0.693147 6.29895
6.79794 5.84064 3.4012 6.36647
6.77765 5.7301 1.09861 6.34036
6.80239 5.82008 2.70805 6.35957
6.76964 5.66296 2.89037 6.33683
6.77765 5.7869 3.4012 6.36647
6.77992 5.72359 1.94591 6.34036
6.78219 5.68698 2.19722 6.35957
6.75344 5.72359 3.4012 6.36475
6.78219 5.89715 3.71357 6.32615
6.77079 5.80814 2.56495 6.31355
6.79682 5.8693 4.2485 6.4151
6.80461 5.79909 3.95124 6.43615
6.80904 5.71043 3.29584 6.35784
6.78446 5.82008 4.11087 6.41017
6.80128 5.93489 3.46574 6.31536
6.77765 5.87493 4.27667 6.38688
6.82871 5.87493 3.21888 6.38519
6.79122 5.90536 4.23411 6.38351
6.80793 5.94542 4.85981 6.48004
6.8222 5.826 4.06044 6.45677
6.81892 5.77144 3.93183 6.46925
6.82763 5.86363 4.27667 6.46614
6.80904 5.76832 3.43399 6.42487
6.77765 5.83188 3.3673 6.33859
6.77651 5.94017 4.14313 6.32794
6.78672 5.95324 4.5326 6.38688
6.78106 5.76832 3.04452 6.36647
6.77992 5.86647 4.39445 6.41017
6.80793 5.73657 1.38629 6.39526
6.76388 5.77455 3.78419 6.37673
6.80461 5.80513 3.85015 6.42487
6.79122 5.78996 3.13549 6.37332
6.76734 5.78074 3.8712 6.38519
6.76388 5.77455 4.04305 6.39859
6.77765 5.826 4.07754 6.39359
6.79906 5.75574 4.30407 6.48464
6.80017 5.79909 4.14313 6.44731
6.82871 5.82008 4.26268 6.4892
6.81892 5.78074 3.95124 6.46614
6.81344 5.75574 4.11087 6.48464
6.80017 5.70711 4.27667 6.50578
6.80351 5.68698 3.63759 6.4677
6.76273 5.79606 4.23411 6.40523
6.79234 5.89164 4.61512 6.44572
6.80017 5.71373 3.43399 6.43935
6.79682 5.81114 4.12713 6.43455
6.81344 5.743 3.04452 6.42811
6.78446 5.70044 4.57471 6.52503
6.79906 5.7301 4.09434 6.47543
6.80017 5.73657 3.71357 6.44413
6.79347 5.73334 4.29046 6.48616
6.82763 5.7869 3.71357 6.45834
6.81344 5.8999 4.45435 6.44731
6.83195 5.83188 4.18965 6.48004
6.83626 5.826 4.26268 6.49677
6.81454 5.77455 3.95124 6.46303
6.80239 5.8693 4.23411 6.42162
6.81344 5.79606 3.63759 6.42811
6.79459 5.80814 3.71357 6.39859
6.73697 5.76832 4.11087 6.3699
6.7546 5.83773 3.58352 6.31173
6.72503 5.84932 4.36945 6.33683
6.7417 5.90263 3.93183 6.27664
6.7546 5.93754 4.77068 6.39192
6.76734 5.77144 3.3322 6.35611
6.75577 5.9428 4.46591 6.33683
6.79459 5.82895 3.04452 6.35263
6.71174 5.826 4.33073 6.32615
6.77651 5.81413 3.68888 6.36647
6.75577 5.80814 4.18965 6.38351
6.75809 5.826 3.85015 6.34388
6.74406 5.80513 4.04305 6.35263
6.75227 5.90536 4.41884 6.34914
6.77194 5.83481 4.49981 6.43133
6.76849 5.76205 4.31749 6.44095
6.80904 5.81413 4.20469 6.45834
6.76964 5.81711 4.44265 6.42972
6.78446 5.76519 4.23411 6.45205
6.73459 5.66296 2.94444 6.34914
6.74759 5.72031 3.13549 6.34564
6.73221 5.69709 3.3322 6.34388
6.7334 5.7869 3.7612 6.32257
6.70686 5.77144 3.89182 6.30262
6.73697 5.76205 4.06044 6.36819
6.73102 5.91889 4.64439 6.34564
6.72143 5.65599 1.60944 6.3081
6.6995 5.84354 4.04305 6.26149
6.7178 5.83481 3.93183 6.28413
6.69456 5.87212 3.71357 6.20254
6.64249 5.88053 3.52636 6.09357
6.65929 5.94017 4.39445 6.17587
6.67708 5.9162 4.12713 6.18415
6.69084 5.95324 4.23411 6.19236
6.71538 5.95064 4.15888 6.22456
6.71417 5.88053 2.30259 6.16542
6.72863 5.92959 3.95124 6.23832
6.73102 5.81711 3.04452 6.25958
6.73102 5.80212 3.58352 6.29711
6.6958 5.75257 1.60944 6.21261
6.72503 5.80513 1.94591 6.23048
6.71174 5.81413 3.04452 6.23048
6.72503 5.77455 2.19722 6.25383
6.68211 5.83773 3.63759 6.20051
6.6958 5.78996 0.693147 6.18208
6.67834 5.87774 4.17439 6.22059
6.72022 5.8861 1.09861 6.14419
6.65673 5.8999 4.33073 6.19236
6.69084 5.85507 2.89037 6.16121
6.66058 5.82008 3.63759 6.17794
6.68085 5.85507 1.94591 6.1203
6.68336 5.87493 3.09104 6.14204
6.68211 5.99146 4.30407 6.15698
6.67708 5.81114 0 6.12905
6.67456 5.8999 2.30259 6.07993
6.66313 5.88332 2.83321 6.08904
6.68586 5.88053 2.70805 6.12687
6.64379 5.8999 3.80666 6.10479
6.66058 5.9135 3.21888 6.07764
6.65415 5.9428 3.09104 6.03309
6.59441 5.93225 3.09104 5.92959
6.608 5.93754 0.693147 5.8861
6.63726 5.90536 3.13549 5.92158
6.58893 5.87493 1.94591 5.89715
6.58755 5.88332 2.99573 5.84932
6.56103 5.8999 3.58352 5.72359
6.57508 5.88332 2.89037 5.82895
6.54965 5.83773 1.09861 5.88332
6.57228 5.8522 1.38629 5.8944
6.57925 5.77455 0.693147 5.98141
6.59851 5.75574 3.21888 5.97381
6.59851 5.81413 2.94444 6.03548
6.60259 5.77455 3.2581 6.08904
6.62007 5.81114 2.56495 6.06146
6.59304 5.79606 2.63906 6.02828
6.608 5.70711 2.99573 6.04025
6.57228 5.7589 2.07944 5.96615
6.55251 5.72685 0.693147 5.97126
6.54965 5.7462 2.48491 5.92426
6.52356 5.77144 0.693147 5.88053
6.53233 5.80814 2.56495 5.83188
6.52062 5.7869 1.38629 5.85507
6.50728 5.76205 1.79176 5.84644
6.51323 5.78074 1.60944 5.84354
6.52503 5.75257 3.17805 5.83773
6.49375 5.67332 3.82864 5.78074
6.53524 5.7462 3.89182 5.78996
6.50279 5.73657 2.89037 5.826
6.53379 5.77455 3.71357 5.78383
6.4677 5.78996 3.4012 5.84932
6.52356 5.72031 3.71357 5.81413
6.51175 5.71043 2.99573 5.86079
6.53959 5.743 3.09104 5.88053
6.51915 5.77455 2.19722 5.84932
6.51619 5.70044 3.3673 5.8522
6.56386 5.81114 3.43399 5.84064
6.53088 5.78996 3.17805 5.81413
6.52649 5.82008 2.56495 5.80814
6.54391 5.743 2.30259 5.92158
6.53959 5.82895 3.04452 5.92158
6.63857 5.79606 3.8712 5.95842
6.56948 5.63835 2.89037 6.02587
6.57786 5.73979 3.09104 6.06379
6.57228 5.68017 0 6.04263
6.56667 5.71703 3.3322 6.07535
6.55678 5.66296 2.89037 5.98645
6.57368 5.66988 2.89037 6.01127
6.54822 5.65599 3.68888 5.91889
6.49828 5.71043 3.58352 5.7869
6.49224 5.70378 1.79176 5.8693
6.49224 5.64897 2.83321 5.88332
6.49828 5.73334 3.3673 5.7869
6.51175 5.76832 2.83321 5.81711
6.53088 5.69373 3.68888 5.85507
6.46925 5.71373 3.4012 5.743
6.52649 5.79606 0.693147 5.86363
6.49072 5.75257 2.56495 5.80212
6.4599 5.70378 0 5.826
6.51619 5.67675 2.77259 5.90808
6.50129 5.65599 3.04452 5.99396
6.53669 5.72031 3.21888 6.01616
6.56386 5.79301 3.3673 6.01616
6.55393 5.70044 2.48491 6.02828
6.56667 5.7589 3.17805 6.03548
6.57228 5.78996 1.60944 5.97381
6.56948 5.80513 3.29584 6.01127
6.61473 5.77144 2.99573 6.09807
6.53233 5.73979 3.3322 6.00141
6.56667 5.7589 2.56495 6.00881
6.53233 5.69036 2.89037 5.92158
6.51915 5.76205 3.2581 5.81114
6.50429 5.85793 2.94444 5.82008
6.47389 5.80212 2.3979 5.79301
6.47543 5.77455 3.13549 5.71703
6.43615 5.80212 1.38629 5.66643
6.45047 5.78383 2.56495 5.68698
6.44095 5.743 3.78419 5.60212
6.45834 5.75574 3.43399 5.67332
6.38012 5.70044 3.46574 5.55683
6.38856 5.826 1.79176 5.52146
6.40192 5.78383 3.3673 5.51745
6.40853 5.80513 1.60944 5.59842
6.39693 5.75257 2.63906 5.60212
6.42162 5.77765 0 5.68017
6.41182 5.70378 3.2581 5.64545
6.39693 5.71703 3.78419 5.52943
6.39359 5.76205 3.3673 5.52545
6.40026 5.78383 2.83321 5.56068
6.4151 5.72359 2.48491 5.68017
6.43294 5.69709 3.3322 5.69036
6.40688 5.73657 1.09861 5.68017
6.42649 5.72031 3.58352 5.62402
6.39859 5.70711 1.94591 5.72685
6.43775 5.77455 1.94591 5.69036
6.4552 5.76519 2.07944 5.78383
6.50877 5.79606 3.66356 5.9428
6.47543 5.77455 3.49651 5.8861
6.52503 5.68017 3.63759 5.86079
6.48158 5.78383 1.94591 5.81413
6.49677 5.79301 0 5.81114
6.49828 5.86079 2.70805 5.79301
6.4599 5.83481 3.2581 5.77765
6.51619 5.77455 3.3322 5.7869
6.48311 5.82305 3.43399 5.84932
6.49828 5.73334 3.58352 5.76519
6.46614 5.76519 2.30259 5.74939
6.48768 5.78383 2.83321 5.75257
6.43133 5.7869 2.99573 5.61677
6.41017 5.77455 3.4012 5.54518
6.42972 5.82895 1.60944 5.61677
6.43615 5.78996 2.83321 5.63479
6.46925 5.7869 2.19722 5.73657
6.44254 5.84354 2.89037 5.57973
6.42811 5.80814 2.89037 5.59099
6.42487 5.7462 3.82864 5.55296
6.42487 5.72685 3.4012 5.63479
6.42162 5.75257 3.68888 5.56068
6.4151 5.7462 3.98898 5.49717
6.44731 5.77765 3.66356 5.59471
6.38519 5.74939 3.04452 5.55296
6.42649 5.78996 3.13549 5.59099
6.42811 5.79909 3.63759 5.52545
6.41999 5.79909 2.94444 5.57973
6.42972 5.76519 3.61092 5.57595
6.40192 5.8522 2.77259 5.47646
6.41999 5.82305 3.95124 5.41165
6.42325 5.9135 3.61092 5.34233
6.4552 5.88332 3.4012 5.50939
6.47543 5.84354 3.61092 5.58725
6.45677 5.80513 2.48491 5.68017
6.47697 5.743 4.00733 5.64545
6.44254 5.84354 0 5.64191
6.45047 5.76205 3.3673 5.65599
6.43294 5.82008 1.94591 5.62762
6.44095 5.77455 3.58352 5.59471
6.42325 5.82305 0.693147 5.63479
6.45834 5.81114 3.04452 5.64545
6.41673 5.78996 2.3979 5.61313
6.46303 5.79301 3.09104 5.67332
6.41346 5.7869 2.70805 5.59471
6.45834 5.87212 2.83321 5.5835
6.46925 5.81711 2.56495 5.69036
6.51915 5.80212 3.3322 5.76519
6.46303 5.7462 1.60944 5.77765
6.46303 5.83481 0 5.69709
6.4892 5.82008 3.2581 5.68698
6.45362 5.84354 2.56495 5.62402
6.44413 5.81114 3.58352 5.55683
6.44572 5.83481 3.29584 5.56452
6.42649 5.83188 1.60944 5.6058
6.43455 5.88053 2.07944 5.54908
6.45205 5.83481 2.48491 5.63479
6.42972 5.82895 2.30259 5.59842
6.42972 5.85793 3.3322 5.48894
6.42325 5.82895 3.49651 5.49306
6.41017 5.83773 2.56495 5.52943
6.40192 5.81711 2.89037 5.51745
6.42972 5.87493 2.70805 5.63121
6.4677 5.81413 3.52636 5.61677
6.45677 5.83188 2.30259 5.65599
6.47851 5.83188 2.19722 5.70711
6.4599 5.74939 3.04452 5.71703
6.51026 5.80814 3.04452 5.76205
6.49072 5.69036 3.68888 5.77765
6.51323 5.82305 0.693147 5.82305
6.52796 5.79301 2.56495 5.83773
6.49828 5.77144 2.83321 5.8861
6.51471 5.76832 3.09104 5.80814
6.49224 5.71703 4.02535 5.70378
6.46147 5.74939 3.52636 5.67675
6.44889 5.79909 3.13549 5.63121
6.4552 5.86647 3.04452 5.71703
6.46925 5.79909 3.52636 5.63835
6.50728 5.84064 1.38629 5.79909
6.4677 5.76832 2.83321 5.72685
6.46147 5.88888 2.30259 5.59471
6.48464 5.8999 0 5.66643
6.48158 5.84064 3.29584 5.64191
6.44254 5.92158 3.13549 5.62762
6.4599 5.77455 3.71357 5.6204
6.41346 5.80212 3.68888 5.47646
6.39859 5.88332 2.19722 5.45104
6.38182 5.84644 1.94591 5.47227
6.40688 5.826 3.17805 5.49306
6.38519 5.81413 3.46574 5.42053
6.40523 5.7589 4.07754 5.43372
6.40192 5.81711 3.61092 5.43808
6.42649 5.69373 3.98898 5.58725
6.42811 5.80212 3.4012 5.55296
6.38856 5.70044 3.82864 5.52146
6.43133 5.7589 3.80666 5.55683
6.40853 5.75574 3.55535 5.54518
6.43294 5.73979 3.52636 5.62402
6.44413 5.7462 4.07754 5.54908
6.45047 5.77455 3.73767 5.59471
6.4552 5.7301 4.04305 5.60212
6.42972 5.826 2.63906 5.58725
6.45677 5.77144 3.98898 5.56834
6.40523 5.80212 3.3322 5.50533
6.43133 5.77765 3.2581 5.6058
6.47543 5.80212 3.58352 5.64191
6.46925 5.72685 3.73767 5.69036
6.46925 5.73334 3.52636 5.71043
6.45677 5.80212 3.55535 5.60212
6.42811 5.77455 2.07944 5.66643
6.4552 5.71703 3.98898 5.62762
6.44889 5.80513 3.2581 5.61313
6.50728 5.71703 4.00733 5.73979
6.44254 5.71373 4.18965 5.55683
6.43133 5.70711 4.33073 5.49717
6.43775 5.80212 3.46574 5.56834
6.42811 5.76519 3.73767 5.55296
6.45362 5.78996 3.71357 5.58725
6.43775 5.7301 3.63759 5.63121
6.49527 5.75574 4.04305 5.66643
6.45834 5.70711 3.68888 5.69373
6.46925 5.72031 4.07754 5.63835
6.45047 5.76205 3.3673 5.65599
6.48311 5.73334 3.58352 5.73334
6.48158 5.71373 3.93183 5.70044
6.50279 5.81114 1.79176 5.78996
6.50129 5.76832 3.17805 5.77455
6.51026 5.77455 3.55535 5.75257
6.53959 5.78383 3.95124 5.75257
6.52356 5.85507 2.30259 5.77455
6.52942 5.81413 2.77259 5.81114
6.52942 5.826 2.99573 5.7869
6.49677 5.77144 2.30259 5.80513
6.53524 5.65249 3.80666 5.88332
6.51471 5.77455 1.38629 5.87774
6.53379 5.71703 3.61092 5.84932
6.54535 5.73979 2.89037 5.90536
6.53814 5.76519 2.07944 5.89715
6.56386 5.73979 2.07944 6.00635
6.58341 5.70044 2.48491 6.02102
6.53524 5.72685 2.77259 5.98645
6.55251 5.7462 3.52636 5.8693
6.53524 5.77765 2.83321 5.94803
6.52942 5.78074 1.60944 5.90263
6.49828 5.72685 2.19722 5.8522
6.53524 5.75574 3.68888 5.80814
6.50429 5.80513 2.3979 5.84932
6.48311 5.70711 2.48491 5.83188
6.48158 5.70044 3.13549 5.80212
6.50279 5.73657 3.85015 5.73657
6.48311 5.70044 3.49651 5.77455
6.50578 5.82895 2.07944 5.82008
6.51323 5.82895 1.38629 5.79909
6.51323 5.75574 2.70805 5.83773
6.55108 5.80814 2.07944 5.88332
6.54679 5.80814 1.09861 5.90536
6.53814 5.79909 2.3979 5.91889
6.53669 5.80212 0 5.88332
6.54103 5.73334 0.693147 5.95584
6.57228 5.69373 2.83321 5.99396
6.51767 5.69036 2.63906 5.90536
6.52209 5.62762 4.30407 5.79301
6.49224 5.71703 3.09104 5.81114
6.48311 5.73657 3.80666 5.70044
6.4708 5.70044 3.13549 5.78074
6.49072 5.68358 3.71357 5.78074
6.43294 5.73979 2.70805 5.69036
6.45047 5.67675 4.36945 5.56834
6.40357 5.73334 4.35671 5.3799
6.37502 5.70711 4.2485 5.37528
6.36819 5.71373 4.17439 5.37064
6.35784 5.69709 4.33073 5.31321
6.35263 5.74939 4.07754 5.3033
6.35263 5.72031 4.17439 5.31812
6.34036 5.72359 4.27667 5.24175
6.32794 5.743 4.02535 5.2575
6.35957 5.77455 4.02535 5.29832
6.33859 5.77455 4.07754 5.22036
6.32794 5.78383 4.07754 5.17048
6.32615 5.80513 3.52636 5.26269
6.36647 5.75574 4.18965 5.29832
6.30992 5.71043 3.91202 5.28827
6.33505 5.7869 3.71357 5.2832
6.30992 5.7462 3.66356 5.28827
6.35089 5.71043 4.09434 5.35186
6.32794 5.73657 4.02535 5.26786
6.31355 5.71043 4.29046 5.17615
6.30628 5.76519 3.80666 5.21494
6.31897 5.73657 4.11087 5.21494
6.32436 5.82008 3.73767 5.18739
6.33328 5.80212 2.77259 5.37528
6.37843 5.75257 3.61092 5.46806
6.35089 5.76205 3.4012 5.4161
6.34564 5.71703 3.2581 5.48064
6.35957 5.65599 3.89182 5.49306
6.32077 5.68698 4.2485 5.25227
6.31173 5.72031 4.15888 5.20401
6.30079 5.77765 3.97029 5.1299
6.286 5.76205 3.82864 5.15329
6.27664 5.76832 4.12713 5.01064
6.26149 5.79301 3.8712 4.99721
6.27664 5.82305 3.3322 5.11199
6.28786 5.73657 4.14313 5.10595
6.28413 5.78383 3.52636 5.17615
6.31173 5.72031 4.30407 5.14749
6.27476 5.78383 3.4012 5.17048
6.27852 5.77144 4.2485 4.95583
6.30079 5.77144 3.80666 5.18739
6.30445 5.76832 4.07754 5.12396
6.31716 5.73979 3.98898 5.24175
6.3081 5.7462 3.73767 5.26786
6.31173 5.72031 4.15888 5.20401
6.30445 5.7589 3.46574 5.28827
6.33683 5.7589 3.80666 5.31321
6.3613 5.79909 4.02535 5.26269
6.28413 5.743 3.98898 5.1358
6.30992 5.79301 3.29584 5.273
6.32794 5.78383 3.73767 5.26269
6.34388 5.78996 3.85015 5.273
6.35437 5.81711 2.89037 5.39816
6.34914 5.66296 4.29046 5.35186
6.34212 5.7462 3.7612 5.35659
6.34388 5.73657 3.91202 5.34233
6.32077 5.71703 4.20469 5.22036
6.29527 5.73334 3.68888 5.26269
6.30445 5.78996 3.4012 5.24702
6.31897 5.70044 4.17439 5.25227
6.31173 5.743 3.58352 5.31321
6.34212 5.79909 3.61092 5.3033
6.29157 5.7589 3.29584 5.27811
6.31536 5.7869 4.2485 5.05625
6.29527 5.73657 4.20469 5.10595
6.30992 5.70044 4.02535 5.273
6.3081 5.79606 0 5.39816
6.38519 5.69036 4.18965 5.44242
6.33859 5.68358 3.91202 5.40268
6.35611 5.71043 3.93183 5.40717
6.33859 5.75257 3.8712 5.31321
6.30445 5.72685 4.00733 5.22036
6.3081 5.7869 3.78419 5.18739
6.29157 5.71703 3.73767 5.26786
6.24222 5.7301 3.91202 5.04986
6.23441 5.73657 4.23411 4.8752
6.24222 5.78383 4.33073 4.72739
6.24028 5.826 3.95124 4.80402
6.2672 5.78996 4.12713 4.92725
6.2634 5.7462 4.38203 4.8828
6.27476 5.80212 4.15888 4.91265
6.27099 5.77144 4.15888 4.96981
6.28972 5.73334 4.30407 5.04986
6.27099 5.73334 4.33073 4.96981
6.27476 5.72685 4.5326 4.8752
6.24028 5.77455 4.21951 4.81218
6.23832 5.77455 4.31749 4.74493
6.23048 5.77144 4.17439 4.80402
6.25575 5.81114 4.11087 4.83628
6.23441 5.78996 4.06044 4.82831
6.28227 5.78996 4.26268 4.91998
6.2672 5.78074 4.20469 4.91265
6.26149 5.7589 4.46591 4.78749
6.22059 5.79301 4.09434 4.74493
6.23832 5.81114 4.38203 4.58497
6.23441 5.81114 4.39445 4.55388
6.22654 5.77765 4.57471 4.45435
6.22456 5.81114 4.27667 4.59512
6.22258 5.77455 4.23411 4.72739
6.25767 5.80814 4.02535 4.89035
6.2634 5.72031 4.07754 5.0814
6.28227 5.743 4.14313 5.07517
6.2653 5.73979 4.27667 4.96284
6.22851 5.7462 4.2485 4.82028
6.20859 5.75257 4.04305 4.82831
6.22059 5.77455 4.11087 4.78749
6.22654 5.78383 4.29046 4.68213
6.24028 5.743 4.40672 4.77912
6.25383 5.79909 4.2485 4.78749
6.23441 5.75574 4.21951 4.83628
6.2653 5.79909 4.02535 4.94164
6.27664 5.76832 4.02535 5.04986
6.27288 5.75574 3.8712 5.11199
6.33859 5.743 4.38203 5.15906
6.29157 5.7301 4.04305 5.16479
6.29157 5.73979 4.33073 5.03044
6.27476 5.76519 4.29046 4.93447
6.27476 5.7301 4.43082 4.93447
6.28786 5.71703 4.44265 5.00395
6.23441 5.7462 4.04305 4.94164
6.2672 5.74939 4.33073 4.91998
6.21461 5.71043 4.43082 4.7362
6.2186 5.75574 4.02535 4.86753
6.22258 5.68358 4.45435 4.82028
6.2106 5.69709 4.38203 4.78749
6.19032 5.69709 4.47734 4.62497
6.22258 5.71043 4.49981 4.7185
6.18621 5.72359 4.47734 4.52179
6.17379 5.75574 4.41884 4.39445
6.18621 5.77144 4.20469 4.58497
6.20051 5.74939 4.33073 4.63473
6.20254 5.71703 4.33073 4.7362
6.23441 5.70378 4.43082 4.83628
6.22258 5.68358 4.02535 5.03695
6.23832 5.63479 4.34381 5.04343
6.2186 5.72685 3.78419 5.01728
6.2672 5.65948 4.48864 5.01728
6.24804 5.743 3.61092 5.12396
6.26149 5.68698 4.00733 5.15906
6.2519 5.6204 4.00733 5.23644
6.29895 5.77144 3.61092 5.22575
6.31897 5.70378 3.95124 5.31321
6.29527 5.69709 3.58352 5.33754
6.31716 5.71043 4.18965 5.22575
6.29895 5.7301 4.30407 5.0876
6.31355 5.73657 3.73767 5.29832
6.33505 5.71043 3.95124 5.34711
6.36647 5.72359 3.73767 5.45532
6.39024 5.71043 4.27667 5.40268
6.34564 5.74939 3.8712 5.33754
6.32436 5.80513 3.43399 5.273
6.30262 5.78996 3.7612 5.17048
6.31536 5.86363 3.04452 5.19296
6.35957 5.80814 3.46574 5.36129
6.34036 5.7589 1.60944 5.50126
6.40853 5.7301 3.78419 5.54126
6.39693 5.68358 4.04305 5.51745
6.3699 5.60947 3.71357 5.59842
6.44731 5.71043 3.17805 5.72031
6.40688 5.77455 1.09861 5.63835
6.41999 5.75257 2.48491 5.65948
6.44731 5.78996 3.46574 5.6058
6.43455 5.77144 3.98898 5.51343
6.42162 5.77765 1.38629 5.66296
6.45362 5.7462 3.8712 5.61313
6.42487 5.80814 2.83321 5.58725
6.45047 5.71043 4.14313 5.59099
6.39359 5.73334 2.89037 5.60212
6.41836 5.68698 3.78419 5.61313
6.43775 5.73979 3.89182 5.57973
6.45677 5.71703 4.00733 5.62762
6.40026 5.75257 2.94444 5.59099
6.41836 5.72359 4.07754 5.51343
6.42649 5.79606 3.55535 5.53733
6.43455 5.76205 3.09104 5.64545
6.41673 5.81114 2.07944 5.59842
6.41673 5.74939 3.04452 5.62402
6.42325 5.77765 3.29584 5.5835
6.42162 5.743 3.82864 5.54908
6.38012 5.7869 3.17805 5.48064
6.38688 5.81711 3.17805 5.45532
6.37673 5.73657 4.21951 5.34711
6.37673 5.81114 3.93183 5.31321
6.3699 5.826 3.49651 5.35659
6.39192 5.81711 3.80666 5.37528
6.40688 5.79606 3.73767 5.45959
6.41182 5.77144 3.3673 5.55683
6.43133 5.70378 3.7612 5.62762
6.40357 5.69373 3.61092 5.59842
6.41182 5.80513 3.2581 5.52545
6.43294 5.75574 3.93183 5.54126
6.39024 5.72685 3.71357 5.51343
6.39192 5.76832 3.3322 5.51745
6.40357 5.75574 3.3673 5.55683
6.39359 5.75257 4.26268 5.35659
6.42162 5.79909 4.09434 5.4161
6.3699 5.79909 3.46574 5.40268
6.39024 5.77455 3.8712 5.42053
6.39359 5.82305 2.48491 5.51343
6.42649 5.76205 3.8712 5.52943
6.44889 5.8693 3.09104 5.70378
6.43935 5.71043 3.7612 5.63835
6.43935 5.82008 3.3322 5.56452
6.4151 5.70044 3.98898 5.55296
6.45362 5.76519 3.49651 5.64545
6.42811 5.62762 4.39445 5.56068
6.41017 5.80814 3.46574 5.49306
6.43455 5.77144 4.29046 5.43372
6.40853 5.87493 1.09861 5.51343
6.44889 5.80212 3.68888 5.56452
6.43455 5.75257 3.71357 5.58725
6.44095 5.73657 3.80666 5.6058
6.40688 5.75257 3.63759 5.53339
6.39859 5.77144 3.46574 5.51343
6.41182 5.79606 3.7612 5.46806
6.39526 5.71703 4.09434 5.45959
6.42972 5.77455 3.63759 5.56068
6.40688 5.80513 2.99573 5.53733
6.43615 5.76205 3.85015 5.55683
6.44254 5.80212 3.49651 5.57595
6.44413 5.71043 3.91202 5.62402
6.44572 5.80513 0.693147 5.69036
6.4708 5.75574 4.06044 5.6058
6.46147 5.82305 2.30259 5.67675
6.44889 5.7301 3.80666 5.63121
6.44572 5.81413 3.63759 5.54908
6.47851 5.85507 3.66356 5.57215
6.45047 5.7869 3.49651 5.61313
6.4708 5.75257 3.93183 5.63479
6.46303 5.77455 4.07754 5.56068
6.40357 5.79606 3.73767 5.45104
6.35784 5.73334 4.07754 5.34233
6.31897 5.71703 4.18965 5.22036
6.29157 5.70378 3.91202 5.24702
6.29895 5.74939 4.29046 5.05625
6.30628 5.77765 4.33073 5.00395
6.3081 5.79606 4.11087 5.0689
6.286 5.743 4.30407 5.01728
6.27288 5.75574 4.29046 4.94876
6.29527 5.77765 4.26268 4.99721
6.28227 5.75574 4.12713 5.05625
6.28786 5.79909 4.04305 5.01728
6.30992 5.80814 3.97029 5.09987
6.30445 5.75574 4.04305 5.15906
6.33859 5.76519 4.20469 5.19296
6.3613 5.743 3.8712 5.38907
6.36647 5.7301 3.09104 5.52943
6.39024 5.67675 4.20469 5.46806
6.38351 5.78383 3.55535 5.44674
6.41836 5.78074 3.82864 5.49306
6.38688 5.84064 3.61092 5.36129
6.41346 5.81413 3.49651 5.48894
6.40523 5.81711 3.09104 5.50939
6.42649 5.77455 3.55535 5.56452
6.39693 5.73979 3.29584 5.56834
6.35784 5.69036 4.04305 5.41165
6.35611 5.78383 4.00733 5.27811
6.36819 5.7869 3.91202 5.33272
6.37673 5.7301 4.17439 5.37064
6.39024 5.81413 3.82864 5.37064
6.39859 5.78383 4.18965 5.34711
6.35437 5.73334 4.41884 5.20949
6.35784 5.76832 3.91202 5.33272
6.36303 5.69709 4.45435 5.27811
6.33859 5.71703 4.31749 5.23111
6.36647 5.7589 4.47734 5.17615
6.32615 5.72031 4.21951 5.22575
6.34739 5.77765 4.11087 5.23111
6.35089 5.76832 3.98898 5.2933
6.38351 5.75574 4.27667 5.31812
6.35957 5.7301 4.17439 5.32301
6.35263 5.67332 4.30407 5.34233
6.3081 5.67332 4.02535 5.30827
6.34388 5.76519 4.27667 5.18178
6.31173 5.70711 4.27667 5.18178
6.34036 5.73979 4.09434 5.27811
6.33328 5.78996 3.80666 5.25227
6.3613 5.79301 3.55535 5.37528
6.33505 5.76519 3.3322 5.3799
6.3613 5.73334 4.09434 5.34711
6.32257 5.70711 3.7612 5.36129
6.31536 5.66296 4.27667 5.26269
6.29527 5.69709 4.18965 5.18178
6.28786 5.65599 4.36945 5.15329
6.28413 5.72685 3.93183 5.18178
6.30445 5.75574 3.63759 5.26269
6.32077 5.66988 4.09434 5.32788
6.36303 5.77455 3.17805 5.45532
6.32794 5.7301 4.02535 5.27811
6.38012 5.72359 4.12713 5.40268
6.37673 5.74939 3.66356 5.45959
6.38012 5.67332 4.2485 5.43372
6.37843 5.69373 4.04305 5.45959
6.42487 5.76205 4.06044 5.4848
6.36647 5.74939 3.66356 5.43372
6.37673 5.72031 3.85015 5.46383
6.38856 5.76205 4.06044 5.38907
6.33859 5.70378 3.80666 5.39816
6.35263 5.75257 4.2485 5.24175
6.32972 5.73979 3.93183 5.2933
6.33328 5.65599 4.46591 5.24702
6.32077 5.7462 4.17439 5.18178
6.29342 5.72359 4.34381 5.0626
6.28413 5.72685 4.40672 4.99043
6.286 5.73334 4.26268 5.05625
6.29342 5.75574 4.38203 4.97673
6.30628 5.74939 4.33073 5.0626
6.30992 5.69709 4.31749 5.17615
6.32794 5.70044 4.46591 5.15906
6.34739 5.71703 3.85015 5.39363
6.34564 5.60947 4.29046 5.41165
6.3613 5.71703 4.15888 5.35186
6.3699 5.7301 4.21951 5.33754
6.38688 5.77455 4.17439 5.33272
6.39359 5.73334 4.27667 5.3799
6.35437 5.80212 4.02535 5.23644
6.37161 5.77765 4.12713 5.29832
6.37161 5.77765 3.91202 5.35659
6.35089 5.77765 4.18965 5.21494
6.35784 5.70044 4.33073 5.30827
6.32972 5.68017 4.44265 5.20949
6.34388 5.7301 4.34381 5.21494
6.32436 5.72685 4.48864 5.0876
6.34036 5.71703 4.61512 5.0876
6.31355 5.72685 4.48864 5.04986
6.33328 5.68358 4.47734 5.1985
6.29895 5.7301 4.23411 5.11799
6.35611 5.78996 4.34381 5.14749
6.32257 5.68358 4.63473 5.07517
6.29895 5.72031 4.64439 4.90527
6.27476 5.73334 4.52179 4.86753
6.24804 5.68698 4.5326 4.85981
6.24804 5.7301 4.49981 4.77912
6.24998 5.74939 4.54329 4.70048
6.24222 5.75574 4.64439 4.54329
6.22258 5.79301 4.58497 4.35671
6.20658 5.76832 4.56435 4.38203
6.20658 5.73657 4.64439 4.40672
6.19032 5.77455 4.45435 4.38203
6.22654 5.7301 4.70953 4.46591
6.2106 5.7462 4.66344 4.36945
6.21661 5.73979 4.5326 4.57471
6.22851 5.74939 4.65396 4.47734
6.23048 5.70711 4.62497 4.65396
6.24028 5.76519 4.31749 4.77912
6.25575 5.71703 4.67283 4.70048
6.24611 5.73334 4.5326 4.7362
6.24804 5.66988 4.66344 4.79579
6.23832 5.71703 4.78749 4.47734
6.22258 5.69036 4.7362 4.54329
6.2186 5.743 4.52179 4.58497
6.20254 5.743 4.59512 4.41884
6.22654 5.73979 4.59512 4.56435
6.22851 5.73657 4.62497 4.55388
6.20658 5.72359 4.56435 4.54329
6.19441 5.70378 4.63473 4.46591
6.18621 5.63835 4.80402 4.41884
6.16752 5.71373 4.76217 4.04305
6.15486 5.72359 4.69135 4.02535
6.16542 5.72031 4.78749 3.93183
6.19236 5.7589 4.7362 4.06044
6.18002 5.73334 4.76217 4.04305
6.1717 5.743 4.74493 3.95124
6.18208 5.72031 4.65396 4.30407
6.1717 5.69036 4.7362 4.23411
6.18621 5.73657 4.61512 4.31749
6.16961 5.70044 4.79579 4.06044
6.1717 5.70378 4.7362 4.17439
6.18208 5.7301 4.70953 4.17439
6.17794 5.72685 4.67283 4.21951
6.19236 5.71043 4.79579 4.18965
6.18208 5.7462 4.68213 4.14313
6.18415 5.73334 4.85203 3.8712
6.18002 5.7462 4.82028 3.82864
6.18415 5.7462 4.74493 4.04305
6.20051 5.75574 4.74493 4.12713
6.19441 5.7462 4.76217 4.09434
6.20051 5.76205 4.69135 4.18965
6.19032 5.75257 4.66344 4.20469
6.21661 5.7462 4.7185 4.33073
6.21661 5.72031 4.76217 4.36945
6.21261 5.71703 4.84419 4.21951
6.19848 5.7462 4.84419 3.95124
6.19236 5.75574 4.75359 4.04305
6.19441 5.76205 4.89784 3.63759
6.18621 5.77455 4.82831 3.66356
6.16961 5.77765 4.77912 3.58352
6.1717 5.79301 4.82028 3.29584
6.16542 5.7869 4.7362 3.58352
6.18621 5.79301 4.76217 3.71357
6.17794 5.7589 4.89035 3.46574
6.17587 5.76205 4.82028 3.66356
6.17379 5.74939 4.84419 3.66356
6.19032 5.78383 4.75359 3.85015
6.18826 5.75257 4.83628 3.82864
6.19236 5.77765 4.70953 4.00733
6.20456 5.77455 4.78749 3.97029
6.20254 5.7869 4.63473 4.17439
6.20254 5.75257 4.78749 4.07754
6.18826 5.72685 4.77068 4.12713
6.21261 5.73334 4.83628 4.15888
6.18826 5.76519 4.60517 4.21951
6.20456 5.72031 4.89784 4.02535
6.19236 5.76519 4.70048 4.09434
6.22851 5.73979 4.77912 4.34381
6.18826 5.73657 4.69135 4.21951
6.19848 5.72031 4.86753 4.04305
6.18826 5.75257 4.72739 4.07754
6.20859 5.71703 4.86753 4.14313
6.19441 5.75574 4.77068 4.02535
6.19848 5.75574 4.70048 4.18965
6.20658 5.7301 4.74493 4.29046
6.22258 5.7589 4.70953 4.33073
6.21261 5.7301 4.79579 4.2485
6.19848 5.71373 4.85203 4.11087
6.19236 5.73334 4.7185 4.21951
6.20859 5.69373 4.78749 4.38203
6.20859 5.73334 4.68213 4.38203
6.22059 5.69373 4.77912 4.46591
6.22456 5.72359 4.68213 4.51086
6.23441 5.71043 4.70953 4.57471
6.22654 5.72685 4.65396 4.54329
6.24804 5.743 4.72739 4.52179
6.23048 5.73334 4.62497 4.57471
6.2519 5.7462 4.74493 4.51086
6.24417 5.79301 4.46591 4.60517
6.25767 5.73979 4.69135 4.62497
6.27852 5.73657 4.64439 4.77912
6.29895 5.69709 4.82028 4.80402
6.26149 5.66296 4.70048 4.83628
6.2691 5.7301 4.82028 4.56435
6.24611 5.76832 4.51086 4.65396
6.2653 5.73334 4.70953 4.66344
6.27476 5.77455 4.70953 4.58497
6.24998 5.76519 4.54329 4.65396
6.25575 5.7462 4.7185 4.56435
6.24804 5.73979 4.61512 4.65396
6.27476 5.7301 4.64439 4.77912
6.28413 5.76205 4.65396 4.72739
6.29895 5.77144 4.61512 4.80402
6.29711 5.743 4.59512 4.8828
6.32436 5.7462 4.79579 4.82028
6.30079 5.75574 4.57471 4.8828
6.29895 5.72031 4.63473 4.91265
6.31173 5.76205 4.58497 4.90527
6.29895 5.76832 4.55388 4.85981
6.33505 5.78996 4.40672 5.04343
6.32257 5.77765 4.52179 4.95583
6.32257 5.76519 4.65396 4.89035
6.32615 5.77455 4.64439 4.89035
6.28413 5.743 4.51086 4.89035
6.29895 5.77144 4.47734 4.90527
6.31536 5.72685 4.74493 4.8752
6.28972 5.73657 4.43082 4.97673
6.29157 5.71703 4.48864 4.99043
6.29157 5.68698 4.55388 5.01064
6.31897 5.70378 4.57471 5.0626
6.2804 5.73979 4.48864 4.89784
6.34036 5.71703 4.63473 5.07517
6.24998 5.71373 4.51086 4.82028
6.27099 5.68358 4.70048 4.82831
6.23832 5.69709 4.55388 4.77912
6.27664 5.70044 4.58497 4.90527
6.2634 5.73979 4.58497 4.75359
6.24028 5.70044 4.77068 4.56435
6.22456 5.72031 4.58497 4.62497
6.22456 5.75257 4.30407 4.75359
6.2519 5.71373 4.59512 4.76217
6.25575 5.7301 4.61512 4.7185
6.2653 5.76519 4.39445 4.83628
6.2519 5.70378 4.5326 4.83628
6.25383 5.7462 4.48864 4.77068
6.24028 5.69036 4.39445 4.91265
6.24222 5.63835 4.74493 4.77068
6.24804 5.7301 4.30407 4.90527
6.25383 5.69709 4.46591 4.90527
6.27288 5.70711 4.23411 5.07517
6.31173 5.68358 4.40672 5.16479
6.30992 5.69709 4.23411 5.20949
6.2804 5.63121 4.47734 5.11799
6.29711 5.63121 4.62497 5.0876
6.24804 5.63835 4.41884 5.03044
6.23637 5.66988 4.52179 4.85981
6.22258 5.67675 4.48864 4.81218
6.22654 5.60947 4.60517 4.89035
6.19644 5.59471 4.49981 4.8828
6.20051 5.63121 4.46591 4.84419
6.21661 5.65599 4.39445 4.89784
6.21461 5.70711 4.18965 4.89035
6.22059 5.67332 4.31749 4.91998
6.21261 5.63479 4.33073 4.96284
6.2106 5.64191 4.56435 4.78749
6.20254 5.69036 4.39445 4.76217
6.23832 5.63835 4.52179 4.93447
6.15486 5.63121 4.59512 4.5326
6.1506 5.65599 4.45435 4.57471
6.17794 5.66296 4.68213 4.45435
6.13988 5.61313 4.68213 4.40672
6.15273 5.66296 4.56435 4.45435
6.10925 5.6058 4.78749 4.06044
6.10032 5.66988 4.65396 3.93183
6.10925 5.65249 4.59512 4.18965
6.11589 5.64897 4.65396 4.15888
6.10032 5.60947 4.72739 4.09434
6.12905 5.63479 4.69135 4.2485
6.12687 5.60947 4.69135 4.33073
6.1334 5.63479 4.47734 4.5326
6.16542 5.63479 4.68213 4.47734
6.16121 5.63479 4.51086 4.63473
6.14419 5.57973 4.76217 4.43082
6.1334 5.64897 4.63473 4.30407
6.16542 5.65948 4.70048 4.36945
6.11147 5.61677 4.65396 4.26268
6.12468 5.59099 4.63473 4.45435
6.10925 5.62402 4.72739 4.09434
6.12468 5.64897 4.68213 4.17439
6.13556 5.65599 4.67283 4.23411
6.15273 5.64545 4.62497 4.44265
6.15486 5.62402 4.68213 4.45435
6.14633 5.65249 4.68213 4.30407
6.12905 5.65948 4.70953 4.11087
6.12468 5.66296 4.59512 4.2485
6.14419 5.67332 4.59512 4.33073
6.18002 5.66988 4.63473 4.49981
6.18208 5.66643 4.61512 4.54329
6.1506 5.62762 4.52179 4.59512
6.18208 5.64191 4.7362 4.47734
6.16961 5.63479 4.62497 4.56435
6.15273 5.66296 4.44265 4.57471
6.17794 5.62402 4.74493 4.49981
6.15486 5.61313 4.63473 4.54329
6.19441 5.62402 4.7185 4.61512
6.14204 5.63835 4.59512 4.44265
6.14204 5.64191 4.62497 4.39445
6.13123 5.59842 4.69135 4.39445
6.13556 5.61677 4.70048 4.34381
6.10702 5.63121 4.67283 4.14313
6.11147 5.63479 4.70953 4.09434
6.12687 5.63121 4.66344 4.29046
6.1203 5.61677 4.72739 4.20469
6.12468 5.66296 4.56435 4.29046
6.14847 5.6204 4.69135 4.41884
6.13988 5.61677 4.65396 4.43082
6.1591 5.64897 4.61512 4.47734
6.16961 5.61677 4.55388 4.68213
6.17587 5.5835 4.74493 4.60517
6.13988 5.59471 4.58497 4.57471
6.17587 5.55683 4.81218 4.59512
6.16331 5.6204 4.67283 4.52179
6.15698 5.60212 4.62497 4.59512
6.1506 5.58725 4.83628 4.33073
6.16752 5.55683 4.86753 4.47734
6.1334 5.59471 4.66344 4.45435
6.1334 5.58725 4.61512 4.5326
6.1334 5.56068 4.80402 4.36945
6.12687 5.53733 4.77912 4.44265
6.14419 5.54908 4.78749 4.48864
6.1506 5.54908 4.7362 4.58497
6.1591 5.58725 4.70048 4.56435
6.14633 5.54908 4.82831 4.44265
6.14633 5.56834 4.80402 4.41884
6.15698 5.59099 4.75359 4.47734
6.13988 5.59842 4.76217 4.34381
6.13556 5.53339 4.91265 4.29046
6.07535 5.60947 4.81218 3.66356
6.06146 5.61313 4.79579 3.52636
6.05912 5.60212 4.8752 3.2581
6.05209 5.59099 4.84419 3.4012
6.05912 5.58725 4.85981 3.46574
6.05209 5.59099 4.85203 3.3673
6.05912 5.57595 4.96284 3.04452
6.05444 5.57973 4.79579 3.68888
6.0845 5.56068 4.98361 3.49651
6.06379 5.6058 4.72739 3.80666
6.08222 5.54908 4.89035 3.8712
6.07993 5.61313 4.7185 3.93183
6.10479 5.57595 4.91265 3.8712
6.09131 5.5835 4.82028 3.95124
6.1181 5.59842 4.8828 3.95124
6.08677 5.59842 4.66344 4.15888
6.10925 5.5835 4.84419 4.04305
6.10032 5.63835 4.72739 3.95124
6.09357 5.61313 4.76217 3.95124
6.12249 5.61677 4.79579 4.09434
6.09807 5.61313 4.85203 3.7612
6.10479 5.6058 4.77068 4.06044
6.08677 5.6204 4.7362 3.91202
6.10925 5.59842 4.83628 3.98898
6.07764 5.56834 4.86753 3.78419
6.08222 5.61313 4.76217 3.85015
6.08677 5.62402 4.84419 3.58352
6.06146 5.62762 4.68213 3.7612
6.07764 5.6058 4.82831 3.66356
6.07304 5.63121 4.72739 3.73767
6.09357 5.6204 4.80402 3.80666
6.09131 5.66296 4.70953 3.7612
6.10032 5.62402 4.85981 3.68888
6.10702 5.64897 4.81218 3.73767
6.08222 5.67332 4.74493 3.46574
6.0845 5.66296 4.79579 3.4012
6.07764 5.65948 4.80402 3.29584
6.07993 5.65948 4.79579 3.3673
6.07535 5.65599 4.81218 3.2581
6.07764 5.65948 4.77912 3.4012
6.07535 5.66296 4.77912 3.3322
6.07304 5.64545 4.82028 3.29584
6.07993 5.66643 4.80402 3.2581
6.07535 5.67332 4.77068 3.2581
6.07074 5.65249 4.76217 3.43399
6.07535 5.66988 4.75359 3.3673
6.06843 5.64897 4.78749 3.3322
6.07304 5.63479 4.80402 3.46574
6.08222 5.65599 4.79579 3.43399
6.07764 5.64545 4.79579 3.46574
6.07993 5.65599 4.82028 3.29584
6.09131 5.65599 4.81218 3.49651
6.06379 5.64545 4.83628 3.04452
6.06146 5.66643 4.74493 3.21888
6.06611 5.64191 4.81218 3.2581
6.07304 5.66643 4.75359 3.3673
6.09357 5.65249 4.86753 3.3322
6.06611 5.65249 4.82831 3.04452
6.06146 5.64897 4.78749 3.21888
6.04973 5.63479 4.84419 2.83321
6.04025 5.65249 4.85203 1.94591
6.03787 5.65249 4.81218 2.3979
6.03309 5.64191 4.85203 1.94591
6.03069 5.64191 4.83628 2.07944
6.02587 5.64191 4.85203 1.38629
6.02587 5.64191 4.83628 1.79176
6.02587 5.64191 4.85203 1.38629
6.02587 5.64191 4.83628 1.79176
6.02587 5.64191 4.85203 1.38629
6.02587 5.64191 4.83628 1.79176
6.02587 5.64191 4.85203 1.38629
6.02587 5.64191 4.83628 1.79176
6.02587 5.64191 4.85203 1.38629
6.02587 5.64191 4.83628 1.79176
6.02587 5.64191 4.85203 1.38629
6.02587 5.64191 4.83628 1.79176
6.02587 5.64191 4.85203 1.38629
6.02587 5.64191 4.83628 1.79176
6.02587 5.64191 4.85203 1.38629
6.02587 5.64191 4.83628 1.79176
6.02587 5.64191 4.85203 1.38629
6.02587 5.64191 4.83628 1.79176
6.02587 5.64191 4.85203 1.38629
6.02587 5.64191 4.83628 1.79176
6.02587 5.64191 4.85203 1.38629
6.02587 5.64191 4.83628 1.79176
6.02587 5.64191 4.84419 1.60944
6.02587 5.63835 4.78749 2.56495
6.02828 5.62402 4.84419 2.3979
6.02828 5.64191 4.79579 2.48491
6.03069 5.63835 4.81218 2.48491
6.02828 5.62762 4.83628 2.3979
6.03069 5.63479 4.84419 2.19722
6.02102 5.63121 4.85203 1.60944
6.01372 5.63121 4.85203 0.693147
6.01372 5.63835 4.85203 0
6.01372 5.63835 4.85203 0
6.01372 5.63835 4.85203 0
6.01372 5.63835 4.85203 0
6.01372 5.63835 4.85203 0
6.01372 5.63835 4.85203 0
6.01372 5.63835 4.85203 0
6.01372 5.63835 4.85203 0
6.01372 5.63835 4.85203 0
6.01372 5.63835 4.85203 0
6.01372 5.63835 4.85203 0
6.01372 5.63835 4.85203 0
6.01372 5.63835 4.85203 0
6.01372 5.63835 4.85203 0
6.01372 6.01372 0 0
