8570
8638
8651
8714
8745
8674
8763
8856
8997
9132
9286
9418
9526
9661
9785
9893
10016
10026
10026
10080
10071
10097
10132
10113
10129
10139
10192
10184
10166
10179
10148
10209
10168
10160
10170
10200
10214
10174
10176
10160
10186
10210
10166
10178
10152
10160
10153
10151
10157
10167
10178
10166
10158
10176
10150
10110
10132
10141
10119
10133
10097
10111
10125
10097
10115
10107
10065
10055
10059
10049
10059
10043
10073
10045
10079
10091
10115
10161
10159
10147
10147
10135
10123
10153
10131
10123
10117
10139
10118
10148
10166
10126
10126
10154
10162
10164
10192
10172
10180
10194
10184
10200
10230
10210
10214
10260
10244
10234
10250
10246
10238
10230
10246
10244
10246
10236
10234
10230
10252
10226
10244
10250
10232
10244
10248
10234
10254
10238
10236
10250
10236
10232
10246
10236
10232
10254
10240
10222
10242
10228
10226
10244
10236
10230
10244
10230
10228
10248
10244
10222
10232
10240
10220
10240
10258
10226
10234
10256
10240
10230
10264
10226
10234
10248
10230
10228
10258
10234
10238
10260
10244
10234
10250
10246
10238
10230
10246
10244
10246
10236
10234
10230
10252
10226
10244
10250
10232
10244
10248
10234
10254
10238
10236
10250
10236
10232
10246
10236
10232
10254
10240
10222
10242
10228
10226
10244
10236
10230
10244
10230
10228
10248
10244
10222
10232
10240
10220
10240
10258
10226
10234
10256
10240
10230
10264
10226
10234
10248
10230
10228
10258
10234
10238
10260
10244
10234
10250
10246
10238
10230
10246
10244
10246
10236
10234
10230
10252
10226
10244
10250
10232
10244
10248
10234
10254
10238
10236
10250
10236
10232
10246
10236
10232
10254
10240
10222
10242
10228
10226
10244
10236
10230
10244
10230
10228
10248
10244
10222
10232
10240
10220
10240
