399
400
400
398
396
400
400
399
398
392
373
363
353
344
341
355
384
397
398
400
395
384
376
359
337
310
269
258
226
187
156
104
35
2
2
1
7
38
67
87
128
134
146
176
186
197
212
209
205
196
214
241
290
309
324
346
356
377
400
400
400
400
399
398

396
399
395
390
383
372
374
363
367
332
327
333
333
332
342
351
382
398
399
400
396
384
377
364
350
330
301
280
260
231
186
120
38
1
0
1
0
8
22
38
56
68
80
89
108
99
107
127
108
123
136
151
203
258
273
313
342
365
385
398
399
400
399
397

340
330
330
339
338
328
316
311
290
265
274
305
322
324
336
359
377
399
399
400
399
395
382
371
359
350
333
309
282
269
244
169
51
1
2
0
0
0
1
1
5
18
20
21
18
14
10
17
27
31
50
49
75
139
170
185
226
261
286
327
323
345
350
347

236
229
234
243
266
265
275
261
260
258
256
273
300
314
328
349
383
400
400
399
400
397
390
379
370
360
355
342
322
302
286
255
156
34
7
6
2
1
1
1
2
3
6
2
4
2
1
0
1
3
2
0
2
10
43
65
89
112
140
153
176
202
231
246

169
170
168
183
197
212
219
245
246
244
251
254
274
303
320
334
370
400
399
397
399
398
395
389
381
382
380
374
374
357
350
334
286
173
22
10
4
1
0
0
1
1
0
0
1
0
0
2
5
4
3
0
0
1
1
9
18
32
40
46
60
100
131
161

142
146
150
155
170
177
195
218
230
234
243
248
264
293
310
323
356
391
397
399
400
399
398
395
395
398
400
400
399
397
391
390
371
296
119
24
5
3
1
0
1
1
0
1
1
1
2
7
8
5
1
0
2
1
0
0
3
5
6
4
4
34
65
107

110
132
143
147
166
179
190
211
223
227
236
248
262
287
303
311
348
384
393
395
398
399
399
399
399
399
399
400
398
397
395
395
393
352
248
105
27
4
0
0
0
0
0
0
2
3
8
12
10
3
0
1
2
3
2
3
2
2
0
0
2
2
18
47

57
95
136
141
151
177
192
211
222
227
235
248
263
279
295
311
343
377
389
393
398
396
391
389
399
400
400
399
389
389
391
393
395
378
312
253
130
41
7
2
0
0
1
1
0
8
12
13
8
5
0
0
6
6
2
6
5
1
0
0
0
3
3
17

45
88
117
130
131
167
194
216
224
229
235
255
266
273
288
311
338
380
391
398
396
391
380
379
387
381
386
379
375
375
383
386
394
379
348
307
254
144
62
23
4
0
4
4
4
9
11
11
8
2
0
0
3
4
4
6
6
2
0
0
0
2
3
8

34
84
108
120
130
159
200
215
224
234
241
257
273
279
291
312
336
373
395
397
394
385
375
370
359
366
364
364
366
371
374
376
385
395
364
328
297
248
170
105
28
15
11
8
7
5
8
7
3
0
0
0
2
0
1
3
5
4
0
0
1
2
1
2

25
76
106
118
127
172
212
222
233
242
259
273
279
289
306
316
344
383
395
398
394
381
372
363
355
354
356
358
361
366
372
375
384
397
378
338
316
272
232
182
117
40
34
17
2
1
2
2
3
1
1
1
1
1
1
1
2
0
1
0
0
2
2
0

16
75
112
121
141
188
223
241
242
257
281
291
297
312
320
326
348
381
399
398
386
369
363
348
343
345
349
358
361
368
373
378
393
398
386
348
323
289
252
221
191
128
60
51
16
3
1
2
1
1
5
2
0
0
1
0
1
0
0
0
1
1
2
1

27
100
132
144
173
221
253
259
261
283
297
307
317
316
323
327
347
382
400
398
378
363
350
340
338
334
338
353
370
374
379
389
400
400
384
363
321
300
260
236
215
192
136
80
55
23
10
7
4
3
2
3
0
1
0
3
3
3
1
3
0
2
2
2

67
120
161
179
228
288
310
307
313
313
320
321
322
327
326
333
352
380
398
399
383
359
342
339
330
324
327
337
365
383
389
399
400
399
385
357
331
297
271
243
230
221
194
136
93
63
26
17
7
0
1
0
1
1
0
2
3
4
2
1
2
0
0
30

82
151
187
258
327
362
374
372
351
342
337
333
333
334
336
340
363
381
397
398
388
356
340
328
320
317
317
341
363
382
400
399
398
392
379
348
335
290
285
252
231
225
208
194
139
91
62
33
24
6
0
0
0
1
5
4
6
5
2
0
0
0
23
57

105
161
264
358
394
399
397
393
386
360
358
350
353
344
351
360
361
379
395
398
395
360
331
320
316
312
304
317
339
358
388
397
395
391
368
348
319
292
289
263
228
222
211
200
182
137
89
58
38
20
0
0
0
1
5
7
6
6
1
1
0
18
50
68

121
226
352
395
397
398
397
395
397
396
389
380
373
369
367
366
370
378
390
395
395
362
329
313
309
296
288
290
302
313
345
383
393
387
357
333
304
297
279
250
223
219
213
200
187
166
114
85
54
21
0
0
2
1
4
5
7
5
1
1
15
45
66
84

192
325
392
394
397
400
398
396
400
400
399
399
391
387
380
376
378
381
388
392
395
365
333
310
295
287
279
269
274
281
289
321
375
382
353
306
291
284
258
237
221
215
210
195
180
169
131
89
77
48
20
1
1
1
2
3
1
2
1
18
42
61
76
114

266
364
393
396
399
399
398
400
400
400
400
400
399
397
389
381
382
385
388
392
397
370
331
309
293
282
256
247
250
261
257
257
295
338
330
270
265
256
238
226
219
212
207
190
173
162
148
95
85
67
39
16
2
3
3
3
4
1
13
36
57
74
99
167

316
392
396
398
400
400
399
399
400
400
400
400
400
398
395
390
389
386
389
399
398
381
333
306
289
258
244
240
234
228
220
219
234
268
260
243
232
239
225
223
218
211
202
191
173
165
144
113
93
72
57
28
8
6
5
5
2
18
29
54
72
85
139
221

376
396
398
398
398
400
398
399
399
400
400
400
399
398
395
397
392
391
400
399
400
379
337
308
279
250
238
222
216
210
193
184
188
192
153
149
198
223
225
218
212
210
202
187
169
159
139
115
91
75
51
25
4
1
4
5
15
25
38
58
78
98
165
285

399
397
397
397
399
398
400
400
400
400
400
398
398
397
399
398
399
399
400
400
398
380
343
309
277
245
223
213
203
182
170
162
146
121
61
53
115
178
201
203
207
204
196
173
167
152
128
107
90
60
37
14
3
0
0
7
23
32
37
47
70
120
250
362

400
397
398
397
398
399
400
400
400
400
400
398
399
399
399
397
397
397
399
399
397
389
345
314
274
240
220
202
183
170
159
138
121
95
42
3
48
97
152
176
185
187
183
170
159
136
117
91
66
42
20
17
8
0
1
6
20
33
37
39
69
199
355
399

394
397
392
396
398
400
400
400
400
400
399
397
396
398
399
399
397
399
398
397
398
378
359
326
280
241
215
186
169
155
135
117
103
89
41
1
12
58
102
137
155
155
154
155
133
120
96
67
46
32
18
15
6
3
0
2
10
23
35
34
138
313
400
399

386
391
392
396
398
399
399
399
400
399
396
394
395
400
399
400
400
400
399
398
398
389
353
335
298
251
207
173
162
141
122
112
98
80
31
1
10
30
77
109
111
114
114
119
107
92
66
54
34
15
5
1
3
3
2
1
1
4
15
90
227
352
385
390

383
387
390
398
399
399
400
400
400
400
395
393
394
397
399
400
400
400
400
399
399
389
363
340
323
279
216
166
151
129
117
110
89
76
19
0
12
31
42
81
88
79
84
80
73
60
56
37
8
3
0
0
0
1
2
0
2
1
51
197
279
328
371
379

373
382
389
396
400
400
399
400
400
400
399
395
393
397
399
399
399
400
400
399
397
392
378
352
341
321
257
166
149
124
114
104
88
55
13
1
9
19
35
56
69
64
63
54
50
48
39
4
1
0
0
0
0
0
2
1
1
57
166
263
300
320
351
370

366
371
382
395
399
399
400
399
399
400
400
396
397
399
400
400
397
398
399
398
397
392
384
368
348
349
316
216
151
131
123
114
88
57
10
2
6
9
22
34
46
44
41
32
27
17
2
0
0
2
2
0
0
2
4
2
42
152
242
288
310
320
337
355

362
365
375
391
400
399
399
399
399
399
399
400
399
400
400
399
397
399
398
396
398
395
384
378
369
369
356
292
197
150
131
118
89
44
4
1
2
7
11
22
24
31
20
11
8
0
0
0
1
3
0
2
1
4
7
27
128
231
277
302
312
324
339
350

356
366
373
387
400
400
399
396
396
395
398
400
400
400
400
399
400
398
397
398
398
394
391
382
380
377
371
350
268
182
131
106
91
27
4
0
1
3
10
12
15
15
11
7
0
2
4
3
3
2
1
2
4
7
19
103
205
258
291
308
320
323
342
350

355
369
378
390
400
400
395
394
394
395
396
396
399
399
400
400
400
400
399
400
400
396
394
394
387
385
385
375
332
238
136
111
92
51
14
3
0
0
1
9
13
14
14
7
3
0
4
3
3
2
4
3
1
10
67
175
236
284
306
320
324
337
351
354

366
373
387
399
398
395
395
392
391
386
385
397
397
400
400
400
400
399
399
400
400
400
398
396
396
396
397
396
371
264
155
115
92
60
28
14
4
1
0
1
7
10
9
10
6
4
2
2
2
2
0
3
1
48
156
225
271
307
321
328
341
351
355
359

379
385
400
400
398
398
398
394
386
383
383
391
396
398
400
399
400
400
400
400
400
400
396
395
399
400
399
398
392
297
179
120
89
62
37
24
9
2
1
1
1
3
3
7
8
6
1
0
2
3
0
5
30
134
219
282
320
328
338
345
352
358
363
374

393
400
400
400
400
399
399
392
383
383
381
387
393
397
398
399
400
400
400
400
399
398
397
398
400
400
400
398
399
344
208
124
88
57
37
21
16
6
0
0
0
0
0
3
9
3
1
0
1
0
5
14
82
213
290
358
363
371
373
376
377
381
384
388

400
400
400
400
400
400
398
399
391
385
384
386
391
399
398
399
399
399
400
399
399
398
400
400
399
400
400
399
399
376
243
129
84
56
38
24
15
10
5
3
0
0
0
1
3
4
2
2
3
9
13
90
222
321
383
389
396
399
400
399
399
398
396
398

400
400
399
399
400
397
399
397
399
393
394
395
393
399
398
399
396
399
398
400
400
398
397
399
400
400
400
400
400
388
277
140
88
71
42
22
13
7
5
4
2
0
1
1
3
1
2
6
10
15
84
251
355
398
400
399
399
398
399
400
400
398
397
399

399
399
400
400
398
398
395
398
398
399
398
395
393
397
399
398
397
397
400
400
400
398
397
396
396
400
400
400
398
391
312
151
97
72
22
8
2
4
4
2
0
1
1
3
1
2
0
8
12
80
268
386
399
398
397
400
399
398
399
399
399
397
399
398

400
399
399
398
400
399
398
400
400
398
397
390
389
394
398
398
397
399
400
400
400
398
394
394
398
398
397
400
396
397
295
167
107
44
4
0
1
2
2
0
0
0
3
1
1
0
0
7
71
276
400
400
400
398
397
398
400
400
398
400
398
398
396
399

400
399
396
398
398
400
400
399
399
398
387
385
382
386
390
394
395
398
399
399
399
398
392
394
398
398
398
398
397
395
310
148
69
21
1
2
1
0
1
0
0
1
1
0
0
0
0
67
242
395
399
399
400
400
399
399
400
399
400
399
399
397
397
397

400
399
396
396
398
400
400
400
400
396
386
378
377
381
383
389
394
398
399
399
399
394
393
394
397
397
399
399
398
391
286
137
51
13
3
1
0
0
0
1
0
0
2
0
1
0
45
230
381
399
399
399
400
400
400
398
398
397
396
399
400
398
397
398

400
400
397
398
399
399
400
400
400
385
375
375
376
378
382
385
391
395
400
400
400
399
396
397
397
396
398
399
394
382
282
134
31
6
1
0
0
0
0
0
0
1
0
2
0
48
207
371
399
400
399
400
399
400
400
399
396
395
396
399
400
400
399
399

400
399
400
400
399
400
400
393
379
370
368
371
374
376
381
387
391
397
399
400
400
400
399
398
399
398
400
399
386
379
283
132
21
2
0
0
0
0
0
0
0
0
0
2
49
214
354
374
390
399
400
400
400
400
400
398
389
389
388
399
400
400
400
399

399
399
400
399
399
399
395
368
357
362
366
372
374
378
383
389
395
399
400
400
400
400
397
397
400
400
400
400
392
381
283
126
20
2
1
0
0
0
0
2
1
5
11
49
214
336
374
377
384
396
400
400
400
400
399
394
384
380
383
389
399
399
400
400

397
399
400
400
391
380
357
345
354
359
366
373
379
391
393
395
399
399
400
400
400
400
399
399
399
400
400
398
393
381
283
113
12
2
1
1
0
0
2
5
23
40
83
197
336
373
377
379
382
391
398
398
400
400
394
386
377
378
381
393
399
398
398
399

400
399
400
380
364
342
330
336
342
357
369
381
386
399
398
398
398
400
399
400
399
400
400
400
400
399
399
396
397
375
271
106
15
0
0
0
1
1
7
43
60
93
193
322
388
392
382
381
384
390
398
398
399
399
387
377
374
376
388
398
399
399
397
398

398
399
374
345
330
317
318
330
337
350
389
398
400
400
400
398
399
399
400
400
400
400
400
400
398
397
395
394
395
372
246
98
6
1
0
0
1
13
43
72
103
165
289
365
396
399
397
390
388
396
400
400
397
383
372
375
377
389
397
399
398
397
394
391

385
368
342
325
317
313
313
320
329
365
399
398
399
400
400
397
395
395
400
400
400
399
399
398
399
399
395
397
396
345
170
45
5
0
0
0
8
38
72
101
152
237
331
378
396
400
399
394
397
400
400
395
376
362
366
365
383
398
400
400
398
393
383
376

346
322
322
316
313
312
316
320
337
378
398
400
400
400
398
395
392
393
398
399
400
399
399
398
398
398
399
399
391
285
98
14
4
0
0
0
23
64
98
130
202
293
348
387
399
400
399
400
400
400
394
379
363
359
361
364
384
398
400
399
399
384
375
371

334
321
315
316
314
313
317
329
354
386
399
398
400
400
399
393
392
391
397
397
396
394
394
398
400
400
398
399
368
203
26
9
5
0
0
9
43
87
115
173
249
300
359
393
400
400
400
400
400
393
386
374
364
361
360
367
387
399
398
400
399
388
375
358

332
320
318
316
315
316
322
346
370
385
399
399
400
400
395
391
391
393
398
395
393
393
394
399
400
400
400
391
301
102
7
2
1
1
4
22
63
105
148
234
276
312
372
399
399
400
400
400
394
392
382
376
363
362
365
373
392
399
400
400
400
387
368
353

336
332
322
319
320
322
333
356
378
395
400
400
400
396
389
390
392
398
399
398
394
395
397
398
400
400
397
351
199
56
2
1
0
0
4
36
79
117
206
268
288
330
380
398
400
398
399
398
394
390
388
378
369
365
371
383
389
399
399
400
399
374
360
348

338
335
330
328
326
335
346
360
391
398
399
399
400
390
383
382
397
398
398
399
398
399
395
396
398
399
382
285
136
34
1
1
0
0
11
59
99
165
244
278
296
348
382
400
400
396
397
395
395
390
385
381
371
369
378
384
395
396
398
399
397
371
360
351

346
340
338
335
337
348
348
376
400
399
399
399
394
383
380
380
386
400
399
398
399
397
395
394
391
375
331
209
117
29
3
3
1
1
37
88
143
206
254
282
310
344
381
397
398
396
398
396
394
396
391
390
383
384
386
392
393
398
398
396
393
376
362
353

349
351
345
347
352
350
363
386
399
399
400
398
392
386
381
380
384
392
400
400
398
399
399
391
363
331
258
175
93
33
7
4
1
21
68
123
178
216
261
292
321
355
385
396
396
397
397
397
399
397
400
400
400
400
396
394
396
398
398
394
389
377
366
363

363
358
359
358
358
363
372
386
399
399
399
400
395
390
381
379
381
387
388
398
400
400
393
370
337
307
252
153
88
33
8
1
9
47
98
144
184
215
264
302
326
361
383
394
399
398
399
399
399
400
400
400
399
400
399
397
399
396
399
394
393
385
380
370

374
364
360
358
364
371
373
381
395
396
398
397
399
394
389
383
383
384
389
396
399
400
391
358
324
283
218
145
83
34
6
3
26
70
105
148
188
218
265
303
329
350
378
393
396
394
398
400
400
400
399
399
400
399
399
400
399
399
400
400
399
398
389
385

390
373
366
370
378
376
377
386
392
393
395
400
399
396
398
392
390
393
397
397
399
400
388
350
310
268
212
148
79
34
9
23
45
73
108
147
179
216
264
294
319
345
368
386
397
395
398
399
400
400
399
400
399
398
398
399
400
400
400
400
397
399
400
393

392
391
385
383
386
387
382
392
393
393
398
399
399
398
398
399
398
396
399
400
400
399
386
342
299
269
208
154
109
51
35
42
55
80
118
144
170
212
255
284
302
330
360
384
390
395
398
397
400
400
397
399
398
399
397
399
400
400
399
399
399
397
400
400

394
391
391
392
395
395
390
393
394
394
399
399
400
400
397
397
394
392
400
399
400
400
386
337
295
263
201
164
124
82
58
50
57
86
117
142
165
199
255
271
288
303
329
375
388
395
398
398
399
399
398
398
399
398
397
399
400
398
395
395
398
398
400
399

399
393
396
398
400
400
399
400
400
400
398
400
400
400
399
393
390
386
392
398
399
399
386
337
291
268
211
173
161
130
93
55
57
73
101
126
153
177
221
256
270
290
302
333
368
390
394
398
396
396
396
398
399
400
398
399
400
397
394
393
395
399
399
399

400
400
400
398
400
399
400
400
400
400
400
399
400
400
396
382
375
383
388
400
400
396
386
328
293
265
227
185
176
173
143
56
54
66
85
116
140
160
199
234
255
271
292
294
322
354
387
394
394
394
392
391
395
390
388
393
393
397
391
392
393
397
398
399

400
400
399
400
399
400
400
400
400
400
400
400
400
399
385
365
369
377
392
400
399
395
380
333
298
277
243
202
182
172
166
83
39
53
71
94
114
147
167
201
225
246
262
273
285
296
326
366
391
394
391
374
372
370
374
377
380
384
391
391
393
395
397
400

400
400
400
398
397
399
399
400
400
400
399
399
400
373
358
357
365
383
400
400
399
389
378
344
304
282
258
212
176
164
158
81
14
23
48
71
99
112
147
168
197
216
228
247
261
264
272
297
341
386
382
362
360
363
366
368
374
383
391
391
394
398
398
400

399
400
400
397
398
398
399
399
399
399
394
393
381
357
352
352
367
394
399
398
399
384
376
357
318
293
260
229
189
164
151
96
6
3
12
27
55
86
98
149
163
185
200
206
215
229
239
242
262
302
314
332
348
353
358
363
365
385
395
398
398
399
400
400

