8570	0	0	0
8638	68	68	68
8651	13	-55	-123
8714	63	50	105
8745	31	-32	-82
8674	-71	-102	-70
8763	89	160	262
8856	93	4	-156
8997	141	48	44
9132	135	-6	-54
9286	154	19	25
9418	132	-22	-41
9526	108	-24	-2
9661	135	27	51
9785	124	-11	-38
9893	108	-16	-5
10016	123	15	31
10026	10	-113	-128
10026	0	-10	103
10080	54	54	64
10071	-9	-63	-117
10097	26	35	98
10132	35	9	-26
10113	-19	-54	-63
10129	16	35	89
10139	10	-6	-41
10192	53	43	49
10184	-8	-61	-104
10166	-18	-10	51
10179	13	31	41
10148	-31	-44	-75
10209	61	92	136
10168	-41	-102	-194
10160	-8	33	135
10170	10	18	-15
10200	30	20	2
10214	14	-16	-36
10174	-40	-54	-38
10176	2	42	96
10160	-16	-18	-60
10186	26	42	60
10210	24	-2	-44
10166	-44	-68	-66
10178	12	56	124
10152	-26	-38	-94
10160	8	34	72
10153	-7	-15	-49
10151	-2	5	20
10157	6	8	3
10167	10	4	-4
10178	11	1	-3
10166	-12	-23	-24
10158	-8	4	27
10176	18	26	22
10150	-26	-44	-70
10110	-40	-14	30
10132	22	62	76
10141	9	-13	-75
10119	-22	-31	-18
10133	14	36	67
10097	-36	-50	-86
10111	14	50	100
10125	14	0	-50
10097	-28	-42	-42
10115	18	46	88
10107	-8	-26	-72
10065	-42	-34	-8
10055	-10	32	66
10059	4	14	-18
10049	-10	-14	-28
10059	10	20	34
10043	-16	-26	-46
10073	30	46	72
10045	-28	-58	-104
10079	34	62	120
10091	12	-22	-84
10115	24	12	34
10161	46	22	10
10159	-2	-48	-70
10147	-12	-10	38
10147	0	12	22
10135	-12	-12	-24
10123	-12	0	12
10153	30	42	42
10131	-22	-52	-94
10123	-8	14	66
10117	-6	2	-12
10139	22	28	26
10118	-21	-43	-71
10148	30	51	94
10166	18	-12	-63
10126	-40	-58	-46
10126	0	40	98
10154	28	28	-12
10162	8	-20	-48
10164	2	-6	14
10192	28	26	32
10172	-20	-48	-74
10180	8	28	76
10194	14	6	-22
10184	-10	-24	-30
10200	16	26	50
10230	30	14	-12
10210	-20	-50	-64
10214	4	24	74
10260	46	42	18
10244	-16	-62	-104
10234	-10	6	68
10250	16	26	20
10246	-4	-20	-46
10238	-8	-4	16
10230	-8	0	4
10246	16	24	24
10244	-2	-18	-42
10246	2	4	22
10236	-10	-12	-16
10234	-2	8	20
10230	-4	-2	-10
10252	22	26	28
10226	-26	-48	-74
10244	18	44	92
10250	6	-12	-56
10232	-18	-24	-12
10244	12	30	54
10248	4	-8	-38
10234	-14	-18	-10
10254	20	34	52
10238	-16	-36	-70
10236	-2	14	50
10250	14	16	2
10236	-14	-28	-44
10232	-4	10	38
10246	14	18	8
10236	-10	-24	-42
10232	-4	6	30
10254	22	26	20
10240	-14	-36	-62
10222	-18	-4	32
10242	20	38	42
10228	-14	-34	-72
10226	-2	12	46
10244	18	20	8
10236	-8	-26	-46
10230	-6	2	28
10244	14	20	18
10230	-14	-28	-48
10228	-2	12	40
10248	20	22	10
10244	-4	-24	-46
10222	-22	-18	6
10232	10	32	50
10240	8	-2	-34
10220	-20	-28	-26
10240	20	40	68
10258	18	-2	-42
10226	-32	-50	-48
10234	8	40	90
10256	22	14	-26
10240	-16	-38	-52
10230	-10	6	44
10264	34	44	38
10226	-38	-72	-116
10234	8	46	118
10248	14	6	-40
10230	-18	-32	-38
10228	-2	16	48
10258	30	32	16
10234	-24	-54	-86
10238	4	28	82
10260	22	18	-10
10244	-16	-38	-56
10234	-10	6	44
10250	16	26	20
10246	-4	-20	-46
10238	-8	-4	16
10230	-8	0	4
10246	16	24	24
10244	-2	-18	-42
10246	2	4	22
10236	-10	-12	-16
10234	-2	8	20
10230	-4	-2	-10
10252	22	26	28
10226	-26	-48	-74
10244	18	44	92
10250	6	-12	-56
10232	-18	-24	-12
10244	12	30	54
10248	4	-8	-38
10234	-14	-18	-10
10254	20	34	52
10238	-16	-36	-70
10236	-2	14	50
10250	14	16	2
10236	-14	-28	-44
10232	-4	10	38
10246	14	18	8
10236	-10	-24	-42
10232	-4	6	30
10254	22	26	20
10240	-14	-36	-62
10222	-18	-4	32
10242	20	38	42
10228	-14	-34	-72
10226	-2	12	46
10244	18	20	8
10236	-8	-26	-46
10230	-6	2	28
10244	14	20	18
10230	-14	-28	-48
10228	-2	12	40
10248	20	22	10
10244	-4	-24	-46
10222	-22	-18	6
10232	10	32	50
10240	8	-2	-34
10220	-20	-28	-26
10240	20	40	68
10258	18	-2	-42
10226	-32	-50	-48
10234	8	40	90
10256	22	14	-26
10240	-16	-38	-52
10230	-10	6	44
10264	34	44	38
10226	-38	-72	-116
10234	8	46	118
10248	14	6	-40
10230	-18	-32	-38
10228	-2	16	48
10258	30	32	16
10234	-24	-54	-86
10238	4	28	82
10260	22	18	-10
10244	-16	-38	-56
10234	-10	6	44
10250	16	26	20
10246	-4	-20	-46
10238	-8	-4	16
10230	-8	0	4
10246	16	24	24
10244	-2	-18	-42
10246	2	4	22
10236	-10	-12	-16
10234	-2	8	20
10230	-4	-2	-10
10252	22	26	28
10226	-26	-48	-74
10244	18	44	92
10250	6	-12	-56
10232	-18	-24	-12
10244	12	30	54
10248	4	-8	-38
10234	-14	-18	-10
10254	20	34	52
10238	-16	-36	-70
10236	-2	14	50
10250	14	16	2
10236	-14	-28	-44
10232	-4	10	38
10246	14	18	8
10236	-10	-24	-42
10232	-4	6	30
10254	22	26	20
10240	-14	-36	-62
10222	-18	-4	32
10242	20	38	42
10228	-14	-34	-72
10226	-2	12	46
10244	18	20	8
10236	-8	-26	-46
10230	-6	2	28
10244	14	20	18
10230	-14	-28	-48
10228	-2	12	40
10248	20	22	10
10244	-4	-24	-46
10222	-22	-18	6
10232	10	32	50
10240	8	-2	-34
10220	-20	-28	-26
10240	20	40	68
