#9.00847 8.24486 6.92854 8.59137	0	0	0
#8.34332 5.22036 6.9575 8.5307	-0.66515	-0.66515	-0.66515
#8.32337 5.70378 6.94505 8.48818	-0.01995	0.6452	1.31035
#8.28602 5.98141 7.0184 8.45297	-0.03735	-0.0174	-0.6626
8.24065 5.88888 6.92854 8.40111	-0.04537	-0.00802	0.00938
8.21636 5.7869 6.88244 8.37793	-0.02429	0.02108	0.0291
8.18088 5.85507 6.83303 8.3311	-0.03548	-0.01119	-0.03227
8.15565 5.99894 6.78897 8.28602	-0.02523	0.01025	0.02144
8.11522 5.96871 6.72143 8.23854	-0.04043	-0.0152	-0.02545
8.08425 5.9108 6.74641 8.22282	-0.03097	0.00946	0.02466
8.07496 5.82895 6.80461 8.23616	-0.00929	0.02168	0.01222
8.03657 5.55296 6.66441 8.19368	-0.03839	-0.0291	-0.05078
8.01102 5.9135 6.70441 8.14902	-0.02555	0.01284	0.04194
8.00169 5.66296 6.64898 8.15191	-0.00933	0.01622	0.00338
7.9848 5.88053 6.56808 8.09864	-0.01689	-0.00756	-0.02378
7.94803 5.66988 6.56948 8.08733	-0.03677	-0.01988	-0.01232
7.93952 5.70711 6.58341 8.07962	-0.00851	0.02826	0.04814
7.93773 5.6058 6.46459 8.0618	-0.00179	0.00672	-0.02154
7.90544 5.8861 6.47851 8.00737	-0.03229	-0.0305	-0.03722
7.91059 5.84354 6.49375 8.02027	0.00515	0.03744	0.06794
7.8842 5.90263 6.57228 8.0077	-0.02639	-0.03154	-0.06898
7.84385 5.81413 6.51619 7.96936	-0.04035	-0.01396	0.01758
7.86978 5.95324 6.59715 7.99463	0.02593	0.06628	0.08024
7.85283 5.83481 6.56244 7.98582	-0.01695	-0.04288	-0.10916
7.85787 5.95584 6.50728 7.96207	0.00504	0.02199	0.06487
7.82405 5.71043 6.4599 7.9505	-0.03382	-0.03886	-0.06085
7.82405 5.87212 6.4708 7.93416	0	0.03382	0.07268
7.79852 5.93754 6.62407 7.9413	-0.02553	-0.02553	-0.05935
7.80751 5.81114 6.286 7.88683	0.00899	0.03452	0.06005
7.76302 5.70044 6.39359 7.88269	-0.04449	-0.05348	-0.088
7.76345 5.7589 6.34914 7.86634	0.00043	0.04492	0.0984
7.71735 5.84354 6.33328 7.80995	-0.0461	-0.04653	-0.09145
7.67833 5.8861 6.3315 7.76769	-0.03902	0.00708	0.05361
7.69712 5.81711 6.10702 7.74716	0.01879	0.05781	0.05073
7.6516 5.9108 6.37502 7.75018	-0.04552	-0.06431	-0.12212
7.64635 5.84644 6.14419 7.7021	-0.00525	0.04027	0.10458
7.64874 5.99645 6.27288 7.70796	0.00239	0.00764	-0.03263
7.64204 5.94017 6.22851 7.7012	-0.0067	-0.00909	-0.01673
7.64396 5.86647 6.17379 7.70301	0.00192	0.00862	0.01771
7.6454 5.88888 6.15273 7.69621	0.00144	-0.00048	-0.0091
7.63385 6.03309 6.27476 7.68754	-0.01155	-0.01299	-0.01251
7.5863 5.82895 6.18002 7.65634	-0.04755	-0.036	-0.02301
7.59488 5.80212 6.17587 7.66763	0.00858	0.05613	0.09213
7.56164 5.86363 6.12249 7.61431	-0.03324	-0.04182	-0.09795
7.55171 5.7869 5.93225 7.57815	-0.00993	0.02331	0.06513
7.5251 5.77765 5.98394 7.56424	-0.02661	-0.01668	-0.03999
7.52348 5.66296 5.93489 7.57096	-0.00162	0.02499	0.04167
7.51861 5.82895 6.00881 7.55433	-0.00487	-0.00325	-0.02824
7.50108 5.69373 5.89715 7.53743	-0.01753	-0.01266	-0.00941
7.50494 5.77765 6.00881 7.55014	0.00386	0.02139	0.03405
7.52994 6.11368 6.25383 7.56579	0.025	0.02114	-0.00025
7.56838 5.99146 5.92959 7.55591	0.03844	0.01344	-0.0077
7.54327 5.93489 6.1591 7.59237	-0.02511	-0.06355	-0.07699
7.58782 5.92158 5.99396 7.6019	0.04455	0.06966	0.13321
7.57302 6.09131 6.0845 7.57147	-0.0148	-0.05935	-0.12901
7.57763 5.8944 5.92959 7.58426	0.00461	0.01941	0.07876
7.55747 5.84354 5.96358 7.58019	-0.02016	-0.02477	-0.04418
7.5224 5.85793 6.07074 7.56631	-0.03507	-0.01491	0.00986
7.53048 5.83773 5.99645 7.56164	0.00808	0.04315	0.05806
7.52779 5.77144 6.15273 7.60489	-0.00269	-0.01077	-0.05392
7.54168 5.54908 5.92158 7.6014	0.01389	0.01658	0.02735
7.52348 5.72359 5.67332 7.51534	-0.0182	-0.03209	-0.04867
7.43721 5.83188 5.80212 7.4313	-0.08627	-0.06807	-0.03598
7.45645 5.79909 5.68017 7.43485	0.01924	0.10551	0.17358
7.42297 5.99396 5.6204 7.34536	-0.03348	-0.05272	-0.15823
7.40914 5.9428 5.47646 7.3192	-0.01383	0.01965	0.07237
7.41156 6.02102 5.70378 7.34148	0.00242	0.01625	-0.0034
7.39265 5.9135 5.86647 7.38212	-0.01891	-0.02133	-0.03758
7.40974 5.85507 5.86363 7.41156	0.01709	0.036	0.05733
7.42714 5.83773 5.66643 7.39449	0.0174	0.00031	-0.03569
7.4055 5.84064 5.7869 7.39449	-0.02164	-0.03904	-0.03935
7.41337 5.8861 5.69036 7.374	0.00787	0.02951	0.06855
7.42774 5.90808 5.80814 7.40671	0.01437	0.0065	-0.02301
7.39634 5.78996 5.58725 7.35883	-0.0314	-0.04577	-0.05227
7.37463 5.87493 5.76519 7.35116	-0.02171	0.00969	0.05546
7.40853 5.86079 5.77455 7.3908	0.0339	0.05561	0.04592
7.37588 5.7589 5.46806 7.32449	-0.03265	-0.06655	-0.12216
7.39203 5.88053 5.69373 7.35372	0.01615	0.0488	0.11535
7.38647 5.77144 5.50939 7.33954	-0.00556	-0.02171	-0.07051
7.35308 5.89164 5.79909 7.33237	-0.03339	-0.02783	-0.00612
7.38647 5.79909 5.50533 7.33302	0.03339	0.06678	0.09461
7.37776 5.82305 5.76832 7.36645	-0.00871	-0.0421	-0.10888
7.37651 5.65599 5.22575 7.31189	-0.00125	0.00746	0.04956
7.39142 5.85793 5.82895 7.38523	0.01491	0.01616	0.0087
7.37023 5.65599 5.48894 7.34213	-0.02119	-0.0361	-0.05226
7.35628 5.79909 5.59842 7.31721	-0.01395	0.00724	0.04334
7.39018 5.89164 5.72685 7.35564	0.0339	0.04785	0.04061
7.34859 5.77144 5.57973 7.31189	-0.04159	-0.07549	-0.12334
7.37337 5.7301 5.22036 7.29302	0.02478	0.06637	0.14186
7.32251 5.83773 5.53339 7.26123	-0.05086	-0.07564	-0.14201
7.31122 5.66988 4.92725 7.20415	-0.01129	0.03957	0.11521
7.29709 5.84064 5.09987 7.16704	-0.01413	-0.00284	-0.04241
7.26263 5.79301 5.09987 7.14045	-0.03446	-0.02033	-0.01749
7.27517 5.83481 5.26786 7.16704	0.01254	0.047	0.06733
7.29302 5.7301 4.91998 7.16935	0.01785	0.00531	-0.04169
7.257 5.70711 5.37528 7.19519	-0.03602	-0.05387	-0.05918
7.23201 5.75257 5.26786 7.14045	-0.02499	0.01103	0.0649
7.22475 5.86079 5.44242 7.1333	-0.00726	0.01773	0.0067
7.26193 5.7869 5.17615 7.15149	0.03718	0.04444	0.02671
7.2385 5.88332 5.44242 7.14204	-0.02343	-0.06061	-0.10505
7.23778 5.81114 5.04343 7.10003	-0.00072	0.02271	0.08332
7.22984 5.80212 5.4848 7.1624	-0.00794	-0.00722	-0.02993
7.25488 5.76832 5.0814 7.13569	0.02504	0.03298	0.0402
7.23273 5.69373 5.40268 7.17702	-0.02215	-0.04719	-0.08017
7.25488 5.84932 5.62762 7.20489	0.02215	0.0443	0.09149
7.24351 5.58725 5.21494 7.18235	-0.01137	-0.03352	-0.07782
7.26473 5.69373 5.4848 7.22475	0.02122	0.03259	0.06611
7.27725 5.45532 5.03044 7.21964	0.01252	-0.0087	-0.04129
7.23562 5.69373 5.45532 7.18917	-0.04163	-0.05415	-0.04545
7.24065 5.75257 5.1358 7.1309	0.00503	0.04666	0.10081
7.19669 5.72031 4.99043 7.07072	-0.04396	-0.04899	-0.09565
7.18917 5.7869 5.20949 7.07496	-0.00752	0.03644	0.08543
7.17012 5.86647 5.24175 7.03527	-0.01905	-0.01153	-0.04797
7.16317 5.8861 5.1985 7.01392	-0.00695	0.0121	0.02363
7.15774 5.8944 5.24175 7.01212	-0.00543	0.00152	-0.01058
7.1317 5.84644 5.12396 6.97821	-0.02604	-0.02061	-0.02213
7.1325 5.87493 5.32788 7.00488	0.0008	0.02684	0.04745
7.15149 5.7869 5.11799 7.0184	0.01899	0.01819	-0.00865
7.14362 5.88332 5.26786 7.00397	-0.00787	-0.02686	-0.04505
7.16472 5.88888 5.49717 7.06987	0.0211	0.02897	0.05583
7.17396 5.94803 5.38907 7.03966	0.00924	-0.01186	-0.04083
7.18007 5.84064 5.51745 7.10497	0.00611	-0.00313	0.00873
7.19744 5.81413 5.34233 7.09838	0.01737	0.01126	0.01439
7.23056 5.78074 5.03044 7.09838	0.03312	0.01575	0.00449
7.20638 5.78996 5.39363 7.12367	-0.02418	-0.0573	-0.07305
7.18463 5.7589 5.04343 7.05359	-0.02175	0.00243	0.05973
7.19218 5.76205 5.23644 7.08924	0.00755	0.0293	0.02687
7.15149 5.92426 5.51343 7.04752	-0.04069	-0.04824	-0.07754
7.21082 5.94017 5.1985 7.05186	0.05933	0.10002	0.14826
7.14362 5.86079 5.44242 7.04403	-0.0672	-0.12653	-0.22655
7.14283 5.89164 5.45532 7.03615	-0.00079	0.06641	0.19294
7.14677 5.82895 5.36598 7.04229	0.00394	0.00473	-0.06168
7.16704 5.89164 5.32301 7.03791	0.02027	0.01633	0.0116
7.13728 5.90536 5.33754 7.00216	-0.02976	-0.05003	-0.06636
7.12206 5.88888 5.25227 6.97448	-0.01522	0.01454	0.06457
7.1107 5.6204 4.29046 6.92952	-0.01136	0.00386	-0.01068
7.09008 5.83773 4.97673 6.90975	-0.02062	-0.00926	-0.01312
7.07072 5.76832 5.14749 6.93634	-0.01936	0.00126	0.01052
7.07157 5.8522 5.31812 6.94119	0.00085	0.02021	0.01895
7.08171 5.78074 5.40717 6.99302	0.01014	0.00929	-0.01092
7.08506 5.68017 4.77912 6.92756	0.00335	-0.00679	-0.01608
7.05531 5.82895 5.04986 6.88244	-0.02975	-0.0331	-0.02631
7.04054 5.69036 3.93183 6.79906	-0.01477	0.01498	0.04808
7.00851 5.95324 4.89035 6.74993	-0.03203	-0.01726	-0.03224
7.03086 5.84644 4.47734 6.77194	0.02235	0.05438	0.07164
6.97541 5.66296 4.46591 6.76734	-0.05545	-0.0778	-0.13218
7.00125 5.71373 4.15888 6.75577	0.02584	0.08129	0.15909
6.96697 5.83188 4.91265 6.75227	-0.03428	-0.06012	-0.14141
6.97261 5.54126 2.3979 6.71296	0.00564	0.03992	0.10004
6.9613 5.64191 4.14313 6.72863	-0.01131	-0.01695	-0.05687
6.93731 5.77144 4.18965 6.65286	-0.02399	-0.01268	0.00427
6.91274 5.59471 4.47734 6.71417	-0.02457	-0.00058	0.0121
6.91274 5.65948 3.91202 6.64379	0	0.02457	0.02515
6.94409 5.64545 4.45435 6.7334	0.03135	0.03135	0.00678
6.87626 5.44242 4.02535 6.67708	-0.06783	-0.09918	-0.13053
6.89061 5.54908 2.19722 6.59987	0.01435	0.08218	0.18136
6.83626 5.48894 1.79176 6.54391	-0.05435	-0.0687	-0.15088
6.85646 5.50533 2.3979 6.54103	0.0202	0.07455	0.14325
6.80904 5.54126 2.07944 6.46614	-0.04742	-0.06762	-0.14217
6.80793 5.63121 3.73767 6.50429	-0.00111	0.04631	0.11393
6.85961 5.63835 0 6.51026	0.05168	0.05279	0.00648
6.85961 5.63835 3.78419 6.57368	0	-0.05168	-0.10447
6.87626 5.64545 4.17439 6.62141	0.01665	0.01665	0.06833
6.87833 5.52943 2.94444 6.60394	0.00207	-0.01458	-0.03123
6.86276 5.45959 2.56495 6.59851	-0.01557	-0.01764	-0.00306
6.86797 5.55296 2.94444 6.52796	0.00521	0.02078	0.03842
6.83518 5.57973 2.48491 6.51767	-0.03279	-0.038	-0.05878
6.82111 5.49306 3.4012 6.4677	-0.01407	0.01872	0.05672
6.79682 5.62402 1.94591 6.4151	-0.02429	-0.01022	-0.02894
6.77878 5.67675 3.17805 6.4151	-0.01804	0.00625	0.01647
6.78219 5.56068 3.71357 6.36475	0.00341	0.02145	0.0152
6.74052 5.60947 2.99573 6.38519	-0.04167	-0.04508	-0.06653
6.75577 5.60212 1.09861 6.38182	0.01525	0.05692	0.102
6.76964 5.57595 3.21888 6.36647	0.01387	-0.00138	-0.0583
6.82002 5.62402 2.70805 6.43615	0.05038	0.03651	0.03789
6.80128 5.6058 3.21888 6.48004	-0.01874	-0.06912	-0.10563
6.81783 5.60212 2.48491 6.44731	0.01655	0.03529	0.10441
6.83841 5.64545 2.07944 6.46459	0.02058	0.00403	-0.03126
6.84694 5.60947 3.91202 6.57647	0.00853	-0.01205	-0.01608
6.86589 5.71373 3.8712 6.55678	0.01895	0.01042	0.02247
6.91274 5.65249 1.60944 6.58617	0.04685	0.0279	0.01748
6.86171 5.6058 1.09861 6.53088	-0.05103	-0.09788	-0.12578
6.83948 5.47646 2.3979 6.55962	-0.02223	0.0288	0.12668
6.84268 5.49717 3.29584 6.57925	0.0032	0.02543	-0.00337
6.8222 5.60212 3.93183 6.54822	-0.02048	-0.02368	-0.04911
6.89264 5.54518 0 6.59167	0.07044	0.09092	0.1146
6.86276 5.6204 3.78419 6.58479	-0.02988	-0.10032	-0.19124
6.86485 5.39363 3.04452 6.57508	0.00209	0.03197	0.13229
6.86276 5.68017 3.89182 6.56808	-0.00209	-0.00418	-0.03615
6.86797 5.56068 1.60944 6.55962	0.00521	0.0073	0.01148
6.85646 5.68017 4.45435 6.6107	-0.01151	-0.01672	-0.02402
6.89871 5.57973 4.11087 6.66823	0.04225	0.05376	0.07048
6.89871 5.52943 4.18965 6.69084	0	-0.04225	-0.09601
6.86276 5.52943 3.91202 6.62539	-0.03595	-0.03595	0.0063
6.88959 5.59842 4.58497 6.69703	0.02683	0.06278	0.09873
6.89366 5.50533 4.06044 6.68211	0.00407	-0.02276	-0.08554
6.88755 5.59842 3.68888 6.62007	-0.00611	-0.01018	0.01258
6.92756 5.75574 4.15888 6.64379	0.04001	0.04612	0.0563
6.89568 5.87493 5.1299 6.68586	-0.03188	-0.07189	-0.11801
6.9489 5.77144 4.18965 6.66823	0.05322	0.0851	0.15699
6.92658 5.72031 4.17439 6.65801	-0.02232	-0.07554	-0.16064
6.92264 5.86363 4.89035 6.6796	-0.00394	0.01838	0.09392
6.88346 5.63121 3.2581 6.58341	-0.03918	-0.03524	-0.05362
6.86797 5.70044 3.55535 6.54679	-0.01549	0.02369	0.05893
6.87213 5.77455 1.09861 6.46147	0.00416	0.01965	-0.00404
6.90575 5.8944 4.75359 6.62141	0.03362	0.02946	0.00981
6.92461 5.61677 3.43399 6.56667	0.01886	-0.01476	-0.04422
6.88038 5.84064 4.09434 6.53524	-0.04423	-0.06309	-0.04833
6.90975 5.70378 1.38629 6.54822	0.02937	0.0736	0.13669
6.88755 5.80513 3.13549 6.50877	-0.0222	-0.05157	-0.12517
6.87936 5.68017 3.61092 6.46459	-0.00819	0.01401	0.06558
6.8742 5.93489 4.09434 6.47543	-0.00516	0.00303	-0.01098
6.90375 5.79909 1.38629 6.50728	0.02955	0.03471	0.03168
6.88346 5.84644 3.91202 6.52209	-0.02029	-0.04984	-0.08455
6.93147 5.86363 3.52636 6.55962	0.04801	0.0683	0.11814
6.89163 5.82895 3.21888 6.50578	-0.03984	-0.08785	-0.15615
6.91771 5.73334 3.04452 6.58203	0.02608	0.06592	0.15377
6.8533 5.69709 2.30259 6.49072	-0.06441	-0.09049	-0.15641
6.84588 5.74939 4.06044 6.52796	-0.00742	0.05699	0.14748
6.8773 5.81711 3.3673 6.49677	0.03142	0.03884	-0.01815
6.84801 5.826 3.46574 6.45362	-0.02929	-0.06071	-0.09955
6.85541 5.67332 3.21888 6.45047	0.0074	0.03669	0.0974
6.83626 5.77455 3.3322 6.45677	-0.01915	-0.02655	-0.06324
6.85857 5.74939 2.89037 6.42972	0.02231	0.04146	0.06801
6.78219 5.81711 0.693147 6.29895	-0.07638	-0.09869	-0.14015
6.79794 5.84064 3.4012 6.36647	0.01575	0.09213	0.19082
6.77765 5.7301 1.09861 6.34036	-0.02029	-0.03604	-0.12817
6.80239 5.82008 2.70805 6.35957	0.02474	0.04503	0.08107
6.76964 5.66296 2.89037 6.33683	-0.03275	-0.05749	-0.10252
6.77765 5.7869 3.4012 6.36647	0.00801	0.04076	0.09825
6.77992 5.72359 1.94591 6.34036	0.00227	-0.00574	-0.0465
6.78219 5.68698 2.19722 6.35957	0.00227	0	0.00574
6.75344 5.72359 3.4012 6.36475	-0.02875	-0.03102	-0.03102
6.78219 5.89715 3.71357 6.32615	0.02875	0.0575	0.08852
6.77079 5.80814 2.56495 6.31355	-0.0114	-0.04015	-0.09765
6.79682 5.8693 4.2485 6.4151	0.02603	0.03743	0.07758
6.80461 5.79909 3.95124 6.43615	0.00779	-0.01824	-0.05567
6.80904 5.71043 3.29584 6.35784	0.00443	-0.00336	0.01488
6.78446 5.82008 4.11087 6.41017	-0.02458	-0.02901	-0.02565
6.80128 5.93489 3.46574 6.31536	0.01682	0.0414	0.07041
6.77765 5.87493 4.27667 6.38688	-0.02363	-0.04045	-0.08185
6.82871 5.87493 3.21888 6.38519	0.05106	0.07469	0.11514
6.79122 5.90536 4.23411 6.38351	-0.03749	-0.08855	-0.16324
6.80793 5.94542 4.85981 6.48004	0.01671	0.0542	0.14275
6.8222 5.826 4.06044 6.45677	0.01427	-0.00244	-0.05664
6.81892 5.77144 3.93183 6.46925	-0.00328	-0.01755	-0.01511
6.82763 5.86363 4.27667 6.46614	0.00871	0.01199	0.02954
6.80904 5.76832 3.43399 6.42487	-0.01859	-0.0273	-0.03929
6.77765 5.83188 3.3673 6.33859	-0.03139	-0.0128	0.0145
6.77651 5.94017 4.14313 6.32794	-0.00114	0.03025	0.04305
6.78672 5.95324 4.5326 6.38688	0.01021	0.01135	-0.0189
6.78106 5.76832 3.04452 6.36647	-0.00566	-0.01587	-0.02722
6.77992 5.86647 4.39445 6.41017	-0.00114	0.00452	0.02039
6.80793 5.73657 1.38629 6.39526	0.02801	0.02915	0.02463
6.76388 5.77455 3.78419 6.37673	-0.04405	-0.07206	-0.10121
6.80461 5.80513 3.85015 6.42487	0.04073	0.08478	0.15684
6.79122 5.78996 3.13549 6.37332	-0.01339	-0.05412	-0.1389
6.76734 5.78074 3.8712 6.38519	-0.02388	-0.01049	0.04363
6.76388 5.77455 4.04305 6.39859	-0.00346	0.02042	0.03091
6.77765 5.826 4.07754 6.39359	0.01377	0.01723	-0.00319
6.79906 5.75574 4.30407 6.48464	0.02141	0.00764	-0.00959
6.80017 5.79909 4.14313 6.44731	0.00111	-0.0203	-0.02794
6.82871 5.82008 4.26268 6.4892	0.02854	0.02743	0.04773
6.81892 5.78074 3.95124 6.46614	-0.00979	-0.03833	-0.06576
6.81344 5.75574 4.11087 6.48464	-0.00548	0.00431	0.04264
6.80017 5.70711 4.27667 6.50578	-0.01327	-0.00779	-0.0121
6.80351 5.68698 3.63759 6.4677	0.00334	0.01661	0.0244
6.76273 5.79606 4.23411 6.40523	-0.04078	-0.04412	-0.06073
6.79234 5.89164 4.61512 6.44572	0.02961	0.07039	0.11451
6.80017 5.71373 3.43399 6.43935	0.00783	-0.02178	-0.09217
6.79682 5.81114 4.12713 6.43455	-0.00335	-0.01118	0.0106
6.81344 5.743 3.04452 6.42811	0.01662	0.01997	0.03115
6.78446 5.70044 4.57471 6.52503	-0.02898	-0.0456	-0.06557
6.79906 5.7301 4.09434 6.47543	0.0146	0.04358	0.08918
6.80017 5.73657 3.71357 6.44413	0.00111	-0.01349	-0.05707
6.79347 5.73334 4.29046 6.48616	-0.0067	-0.00781	0.00568
6.82763 5.7869 3.71357 6.45834	0.03416	0.04086	0.04867
6.81344 5.8999 4.45435 6.44731	-0.01419	-0.04835	-0.08921
6.83195 5.83188 4.18965 6.48004	0.01851	0.0327	0.08105
6.83626 5.826 4.26268 6.49677	0.00431	-0.0142	-0.0469
6.81454 5.77455 3.95124 6.46303	-0.02172	-0.02603	-0.01183
6.80239 5.8693 4.23411 6.42162	-0.01215	0.00957	0.0356
6.81344 5.79606 3.63759 6.42811	0.01105	0.0232	0.01363
6.79459 5.80814 3.71357 6.39859	-0.01885	-0.0299	-0.0531
6.73697 5.76832 4.11087 6.3699	-0.05762	-0.03877	-0.00887
6.7546 5.83773 3.58352 6.31173	0.01763	0.07525	0.11402
6.72503 5.84932 4.36945 6.33683	-0.02957	-0.0472	-0.12245
6.7417 5.90263 3.93183 6.27664	0.01667	0.04624	0.09344
6.7546 5.93754 4.77068 6.39192	0.0129	-0.00377	-0.05001
6.76734 5.77144 3.3322 6.35611	0.01274	-0.00016	0.00361
6.75577 5.9428 4.46591 6.33683	-0.01157	-0.02431	-0.02415
6.79459 5.82895 3.04452 6.35263	0.03882	0.05039	0.0747
6.71174 5.826 4.33073 6.32615	-0.08285	-0.12167	-0.17206
6.77651 5.81413 3.68888 6.36647	0.06477	0.14762	0.26929
6.75577 5.80814 4.18965 6.38351	-0.02074	-0.08551	-0.23313
6.75809 5.826 3.85015 6.34388	0.00232	0.02306	0.10857
6.74406 5.80513 4.04305 6.35263	-0.01403	-0.01635	-0.03941
6.75227 5.90536 4.41884 6.34914	0.00821	0.02224	0.03859
6.77194 5.83481 4.49981 6.43133	0.01967	0.01146	-0.01078
6.76849 5.76205 4.31749 6.44095	-0.00345	-0.02312	-0.03458
6.80904 5.81413 4.20469 6.45834	0.04055	0.044	0.06712
6.76964 5.81711 4.44265 6.42972	-0.0394	-0.07995	-0.12395
6.78446 5.76519 4.23411 6.45205	0.01482	0.05422	0.13417
6.73459 5.66296 2.94444 6.34914	-0.04987	-0.06469	-0.11891
6.74759 5.72031 3.13549 6.34564	0.013	0.06287	0.12756
6.73221 5.69709 3.3322 6.34388	-0.01538	-0.02838	-0.09125
6.7334 5.7869 3.7612 6.32257	0.00119	0.01657	0.04495
6.70686 5.77144 3.89182 6.30262	-0.02654	-0.02773	-0.0443
6.73697 5.76205 4.06044 6.36819	0.03011	0.05665	0.08438
6.73102 5.91889 4.64439 6.34564	-0.00595	-0.03606	-0.09271
6.72143 5.65599 1.60944 6.3081	-0.00959	-0.00364	0.03242
6.6995 5.84354 4.04305 6.26149	-0.02193	-0.01234	-0.0087
6.7178 5.83481 3.93183 6.28413	0.0183	0.04023	0.05257
6.69456 5.87212 3.71357 6.20254	-0.02324	-0.04154	-0.08177
6.64249 5.88053 3.52636 6.09357	-0.05207	-0.02883	0.01271
6.65929 5.94017 4.39445 6.17587	0.0168	0.06887	0.0977
6.67708 5.9162 4.12713 6.18415	0.01779	0.00099	-0.06788
6.69084 5.95324 4.23411 6.19236	0.01376	-0.00403	-0.00502
6.71538 5.95064 4.15888 6.22456	0.02454	0.01078	0.01481
6.71417 5.88053 2.30259 6.16542	-0.00121	-0.02575	-0.03653
6.72863 5.92959 3.95124 6.23832	0.01446	0.01567	0.04142
6.73102 5.81711 3.04452 6.25958	0.00239	-0.01207	-0.02774
6.73102 5.80212 3.58352 6.29711	0	-0.00239	0.00968
6.6958 5.75257 1.60944 6.21261	-0.03522	-0.03522	-0.03283
6.72503 5.80513 1.94591 6.23048	0.02923	0.06445	0.09967
6.71174 5.81413 3.04452 6.23048	-0.01329	-0.04252	-0.10697
6.72503 5.77455 2.19722 6.25383	0.01329	0.02658	0.0691
6.68211 5.83773 3.63759 6.20051	-0.04292	-0.05621	-0.08279
6.6958 5.78996 0.693147 6.18208	0.01369	0.05661	0.11282
6.67834 5.87774 4.17439 6.22059	-0.01746	-0.03115	-0.08776
6.72022 5.8861 1.09861 6.14419	0.04188	0.05934	0.09049
6.65673 5.8999 4.33073 6.19236	-0.06349	-0.10537	-0.16471
6.69084 5.85507 2.89037 6.16121	0.03411	0.0976	0.20297
6.66058 5.82008 3.63759 6.17794	-0.03026	-0.06437	-0.16197
6.68085 5.85507 1.94591 6.1203	0.02027	0.05053	0.1149
6.68336 5.87493 3.09104 6.14204	0.00251	-0.01776	-0.06829
6.68211 5.99146 4.30407 6.15698	-0.00125	-0.00376	0.014
6.67708 5.81114 0 6.12905	-0.00503	-0.00378	-2e-05
6.67456 5.8999 2.30259 6.07993	-0.00252	0.00251	0.00629
6.66313 5.88332 2.83321 6.08904	-0.01143	-0.00891	-0.01142
6.68586 5.88053 2.70805 6.12687	0.02273	0.03416	0.04307
6.64379 5.8999 3.80666 6.10479	-0.04207	-0.0648	-0.09896
6.66058 5.9135 3.21888 6.07764	0.01679	0.05886	0.12366
6.65415 5.9428 3.09104 6.03309	-0.00643	-0.02322	-0.08208
6.59441 5.93225 3.09104 5.92959	-0.05974	-0.05331	-0.03009
6.608 5.93754 0.693147 5.8861	0.01359	0.07333	0.12664
6.63726 5.90536 3.13549 5.92158	0.02926	0.01567	-0.05766
6.58893 5.87493 1.94591 5.89715	-0.04833	-0.07759	-0.09326
6.58755 5.88332 2.99573 5.84932	-0.00138	0.04695	0.12454
6.56103 5.8999 3.58352 5.72359	-0.02652	-0.02514	-0.07209
6.57508 5.88332 2.89037 5.82895	0.01405	0.04057	0.06571
6.54965 5.83773 1.09861 5.88332	-0.02543	-0.03948	-0.08005
6.57228 5.8522 1.38629 5.8944	0.02263	0.04806	0.08754
6.57925 5.77455 0.693147 5.98141	0.00697	-0.01566	-0.06372
6.59851 5.75574 3.21888 5.97381	0.01926	0.01229	0.02795
6.59851 5.81413 2.94444 6.03548	0	-0.01926	-0.03155
6.60259 5.77455 3.2581 6.08904	0.00408	0.00408	0.02334
6.62007 5.81114 2.56495 6.06146	0.01748	0.0134	0.00932
6.59304 5.79606 2.63906 6.02828	-0.02703	-0.04451	-0.05791
6.608 5.70711 2.99573 6.04025	0.01496	0.04199	0.0865
6.57228 5.7589 2.07944 5.96615	-0.03572	-0.05068	-0.09267
6.55251 5.72685 0.693147 5.97126	-0.01977	0.01595	0.06663
6.54965 5.7462 2.48491 5.92426	-0.00286	0.01691	0.00096
6.52356 5.77144 0.693147 5.88053	-0.02609	-0.02323	-0.04014
6.53233 5.80814 2.56495 5.83188	0.00877	0.03486	0.05809
6.52062 5.7869 1.38629 5.85507	-0.01171	-0.02048	-0.05534
6.50728 5.76205 1.79176 5.84644	-0.01334	-0.00163	0.01885
6.51323 5.78074 1.60944 5.84354	0.00595	0.01929	0.02092
6.52503 5.75257 3.17805 5.83773	0.0118	0.00585	-0.01344
6.49375 5.67332 3.82864 5.78074	-0.03128	-0.04308	-0.04893
6.53524 5.7462 3.89182 5.78996	0.04149	0.07277	0.11585
6.50279 5.73657 2.89037 5.826	-0.03245	-0.07394	-0.14671
6.53379 5.77455 3.71357 5.78383	0.031	0.06345	0.13739
6.4677 5.78996 3.4012 5.84932	-0.06609	-0.09709	-0.16054
6.52356 5.72031 3.71357 5.81413	0.05586	0.12195	0.21904
6.51175 5.71043 2.99573 5.86079	-0.01181	-0.06767	-0.18962
6.53959 5.743 3.09104 5.88053	0.02784	0.03965	0.10732
6.51915 5.77455 2.19722 5.84932	-0.02044	-0.04828	-0.08793
6.51619 5.70044 3.3673 5.8522	-0.00296	0.01748	0.06576
6.56386 5.81114 3.43399 5.84064	0.04767	0.05063	0.03315
6.53088 5.78996 3.17805 5.81413	-0.03298	-0.08065	-0.13128
6.52649 5.82008 2.56495 5.80814	-0.00439	0.02859	0.10924
6.54391 5.743 2.30259 5.92158	0.01742	0.02181	-0.00678
6.53959 5.82895 3.04452 5.92158	-0.00432	-0.02174	-0.04355
6.63857 5.79606 3.8712 5.95842	0.09898	0.1033	0.12504
6.56948 5.63835 2.89037 6.02587	-0.06909	-0.16807	-0.27137
6.57786 5.73979 3.09104 6.06379	0.00838	0.07747	0.24554
6.57228 5.68017 0 6.04263	-0.00558	-0.01396	-0.09143
6.56667 5.71703 3.3322 6.07535	-0.00561	-3e-05	0.01393
6.55678 5.66296 2.89037 5.98645	-0.00989	-0.00428	-0.00425
6.57368 5.66988 2.89037 6.01127	0.0169	0.02679	0.03107
6.54822 5.65599 3.68888 5.91889	-0.02546	-0.04236	-0.06915
6.49828 5.71043 3.58352 5.7869	-0.04994	-0.02448	0.01788
6.49224 5.70378 1.79176 5.8693	-0.00604	0.0439	0.06838
6.49224 5.64897 2.83321 5.88332	0	0.00604	-0.03786
6.49828 5.73334 3.3673 5.7869	0.00604	0.00604	0
6.51175 5.76832 2.83321 5.81711	0.01347	0.00743	0.00139
6.53088 5.69373 3.68888 5.85507	0.01913	0.00566	-0.00177
6.46925 5.71373 3.4012 5.743	-0.06163	-0.08076	-0.08642
6.52649 5.79606 0.693147 5.86363	0.05724	0.11887	0.19963
6.49072 5.75257 2.56495 5.80212	-0.03577	-0.09301	-0.21188
6.4599 5.70378 0 5.826	-0.03082	0.00495	0.09796
6.51619 5.67675 2.77259 5.90808	0.05629	0.08711	0.08216
6.50129 5.65599 3.04452 5.99396	-0.0149	-0.07119	-0.1583
6.53669 5.72031 3.21888 6.01616	0.0354	0.0503	0.12149
6.56386 5.79301 3.3673 6.01616	0.02717	-0.00823	-0.05853
6.55393 5.70044 2.48491 6.02828	-0.00993	-0.0371	-0.02887
6.56667 5.7589 3.17805 6.03548	0.01274	0.02267	0.05977
6.57228 5.78996 1.60944 5.97381	0.00561	-0.00713	-0.0298
6.56948 5.80513 3.29584 6.01127	-0.0028	-0.00841	-0.00128
6.61473 5.77144 2.99573 6.09807	0.04525	0.04805	0.05646
6.53233 5.73979 3.3322 6.00141	-0.0824	-0.12765	-0.1757
6.56667 5.7589 2.56495 6.00881	0.03434	0.11674	0.24439
6.53233 5.69036 2.89037 5.92158	-0.03434	-0.06868	-0.18542
6.51915 5.76205 3.2581 5.81114	-0.01318	0.02116	0.08984
6.50429 5.85793 2.94444 5.82008	-0.01486	-0.00168	-0.02284
6.47389 5.80212 2.3979 5.79301	-0.0304	-0.01554	-0.01386
6.47543 5.77455 3.13549 5.71703	0.00154	0.03194	0.04748
6.43615 5.80212 1.38629 5.66643	-0.03928	-0.04082	-0.07276
6.45047 5.78383 2.56495 5.68698	0.01432	0.0536	0.09442
6.44095 5.743 3.78419 5.60212	-0.00952	-0.02384	-0.07744
6.45834 5.75574 3.43399 5.67332	0.01739	0.02691	0.05075
6.38012 5.70044 3.46574 5.55683	-0.07822	-0.09561	-0.12252
6.38856 5.826 1.79176 5.52146	0.00844	0.08666	0.18227
6.40192 5.78383 3.3673 5.51745	0.01336	0.00492	-0.08174
6.40853 5.80513 1.60944 5.59842	0.00661	-0.00675	-0.01167
6.39693 5.75257 2.63906 5.60212	-0.0116	-0.01821	-0.01146
6.42162 5.77765 0 5.68017	0.02469	0.03629	0.0545
6.41182 5.70378 3.2581 5.64545	-0.0098	-0.03449	-0.07078
6.39693 5.71703 3.78419 5.52943	-0.01489	-0.00509	0.0294
6.39359 5.76205 3.3673 5.52545	-0.00334	0.01155	0.01664
6.40026 5.78383 2.83321 5.56068	0.00667	0.01001	-0.00154
6.4151 5.72359 2.48491 5.68017	0.01484	0.00817	-0.00184
6.43294 5.69709 3.3322 5.69036	0.01784	0.003	-0.00517
6.40688 5.73657 1.09861 5.68017	-0.02606	-0.0439	-0.0469
6.42649 5.72031 3.58352 5.62402	0.01961	0.04567	0.08957
6.39859 5.70711 1.94591 5.72685	-0.0279	-0.04751	-0.09318
6.43775 5.77455 1.94591 5.69036	0.03916	0.06706	0.11457
6.4552 5.76519 2.07944 5.78383	0.01745	-0.02171	-0.08877
6.50877 5.79606 3.66356 5.9428	0.05357	0.03612	0.05783
6.47543 5.77455 3.49651 5.8861	-0.03334	-0.08691	-0.12303
6.52503 5.68017 3.63759 5.86079	0.0496	0.08294	0.16985
6.48158 5.78383 1.94591 5.81413	-0.04345	-0.09305	-0.17599
6.49677 5.79301 0 5.81114	0.01519	0.05864	0.15169
6.49828 5.86079 2.70805 5.79301	0.00151	-0.01368	-0.07232
6.4599 5.83481 3.2581 5.77765	-0.03838	-0.03989	-0.02621
6.51619 5.77455 3.3322 5.7869	0.05629	0.09467	0.13456
6.48311 5.82305 3.43399 5.84932	-0.03308	-0.08937	-0.18404
6.49828 5.73334 3.58352 5.76519	0.01517	0.04825	0.13762
6.46614 5.76519 2.30259 5.74939	-0.03214	-0.04731	-0.09556
6.48768 5.78383 2.83321 5.75257	0.02154	0.05368	0.10099
6.43133 5.7869 2.99573 5.61677	-0.05635	-0.07789	-0.13157
6.41017 5.77455 3.4012 5.54518	-0.02116	0.03519	0.11308
6.42972 5.82895 1.60944 5.61677	0.01955	0.04071	0.00552
6.43615 5.78996 2.83321 5.63479	0.00643	-0.01312	-0.05383
6.46925 5.7869 2.19722 5.73657	0.0331	0.02667	0.03979
6.44254 5.84354 2.89037 5.57973	-0.02671	-0.05981	-0.08648
6.42811 5.80814 2.89037 5.59099	-0.01443	0.01228	0.07209
6.42487 5.7462 3.82864 5.55296	-0.00324	0.01119	-0.00109
6.42487 5.72685 3.4012 5.63479	0	0.00324	-0.00795
6.42162 5.75257 3.68888 5.56068	-0.00325	-0.00325	-0.00649
6.4151 5.7462 3.98898 5.49717	-0.00652	-0.00327	-2e-05
6.44731 5.77765 3.66356 5.59471	0.03221	0.03873	0.042
6.38519 5.74939 3.04452 5.55296	-0.06212	-0.09433	-0.13306
6.42649 5.78996 3.13549 5.59099	0.0413	0.10342	0.19775
6.42811 5.79909 3.63759 5.52545	0.00162	-0.03968	-0.1431
6.41999 5.79909 2.94444 5.57973	-0.00812	-0.00974	0.02994
6.42972 5.76519 3.61092 5.57595	0.00973	0.01785	0.02759
6.40192 5.8522 2.77259 5.47646	-0.0278	-0.03753	-0.05538
6.41999 5.82305 3.95124 5.41165	0.01807	0.04587	0.0834
6.42325 5.9135 3.61092 5.34233	0.00326	-0.01481	-0.06068
6.4552 5.88332 3.4012 5.50939	0.03195	0.02869	0.0435
6.47543 5.84354 3.61092 5.58725	0.02023	-0.01172	-0.04041
6.45677 5.80513 2.48491 5.68017	-0.01866	-0.03889	-0.02717
6.47697 5.743 4.00733 5.64545	0.0202	0.03886	0.07775
6.44254 5.84354 0 5.64191	-0.03443	-0.05463	-0.09349
6.45047 5.76205 3.3673 5.65599	0.00793	0.04236	0.09699
6.43294 5.82008 1.94591 5.62762	-0.01753	-0.02546	-0.06782
6.44095 5.77455 3.58352 5.59471	0.00801	0.02554	0.051
6.42325 5.82305 0.693147 5.63479	-0.0177	-0.02571	-0.05125
6.45834 5.81114 3.04452 5.64545	0.03509	0.05279	0.0785
6.41673 5.78996 2.3979 5.61313	-0.04161	-0.0767	-0.12949
6.46303 5.79301 3.09104 5.67332	0.0463	0.08791	0.16461
6.41346 5.7869 2.70805 5.59471	-0.04957	-0.09587	-0.18378
6.45834 5.87212 2.83321 5.5835	0.04488	0.09445	0.19032
6.46925 5.81711 2.56495 5.69036	0.01091	-0.03397	-0.12842
6.51915 5.80212 3.3322 5.76519	0.0499	0.03899	0.07296
6.46303 5.7462 1.60944 5.77765	-0.05612	-0.10602	-0.14501
6.46303 5.83481 0 5.69709	0	0.05612	0.16214
6.4892 5.82008 3.2581 5.68698	0.02617	0.02617	-0.02995
6.45362 5.84354 2.56495 5.62402	-0.03558	-0.06175	-0.08792
6.44413 5.81114 3.58352 5.55683	-0.00949	0.02609	0.08784
6.44572 5.83481 3.29584 5.56452	0.00159	0.01108	-0.01501
6.42649 5.83188 1.60944 5.6058	-0.01923	-0.02082	-0.0319
6.43455 5.88053 2.07944 5.54908	0.00806	0.02729	0.04811
6.45205 5.83481 2.48491 5.63479	0.0175	0.00944	-0.01785
6.42972 5.82895 2.30259 5.59842	-0.02233	-0.03983	-0.04927
6.42972 5.85793 3.3322 5.48894	0	0.02233	0.06216
6.42325 5.82895 3.49651 5.49306	-0.00647	-0.00647	-0.0288
6.41017 5.83773 2.56495 5.52943	-0.01308	-0.00661	-0.00014
6.40192 5.81711 2.89037 5.51745	-0.00825	0.00483	0.01144
6.42972 5.87493 2.70805 5.63121	0.0278	0.03605	0.03122
6.4677 5.81413 3.52636 5.61677	0.03798	0.01018	-0.02587
6.45677 5.83188 2.30259 5.65599	-0.01093	-0.04891	-0.05909
6.47851 5.83188 2.19722 5.70711	0.02174	0.03267	0.08158
6.4599 5.74939 3.04452 5.71703	-0.01861	-0.04035	-0.07302
6.51026 5.80814 3.04452 5.76205	0.05036	0.06897	0.10932
6.49072 5.69036 3.68888 5.77765	-0.01954	-0.0699	-0.13887
6.51323 5.82305 0.693147 5.82305	0.02251	0.04205	0.11195
6.52796 5.79301 2.56495 5.83773	0.01473	-0.00778	-0.04983
6.49828 5.77144 2.83321 5.8861	-0.02968	-0.04441	-0.03663
6.51471 5.76832 3.09104 5.80814	0.01643	0.04611	0.09052
6.49224 5.71703 4.02535 5.70378	-0.02247	-0.0389	-0.08501
6.46147 5.74939 3.52636 5.67675	-0.03077	-0.0083	0.0306
6.44889 5.79909 3.13549 5.63121	-0.01258	0.01819	0.02649
6.4552 5.86647 3.04452 5.71703	0.00631	0.01889	0.0007
6.46925 5.79909 3.52636 5.63835	0.01405	0.00774	-0.01115
6.50728 5.84064 1.38629 5.79909	0.03803	0.02398	0.01624
6.4677 5.76832 2.83321 5.72685	-0.03958	-0.07761	-0.10159
6.46147 5.88888 2.30259 5.59471	-0.00623	0.03335	0.11096
6.48464 5.8999 0 5.66643	0.02317	0.0294	-0.00395
6.48158 5.84064 3.29584 5.64191	-0.00306	-0.02623	-0.05563
6.44254 5.92158 3.13549 5.62762	-0.03904	-0.03598	-0.00975
6.4599 5.77455 3.71357 5.6204	0.01736	0.0564	0.09238
6.41346 5.80212 3.68888 5.47646	-0.04644	-0.0638	-0.1202
6.39859 5.88332 2.19722 5.45104	-0.01487	0.03157	0.09537
6.38182 5.84644 1.94591 5.47227	-0.01677	-0.0019	-0.03347
6.40688 5.826 3.17805 5.49306	0.02506	0.04183	0.04373
6.38519 5.81413 3.46574 5.42053	-0.02169	-0.04675	-0.08858
6.40523 5.7589 4.07754 5.43372	0.02004	0.04173	0.08848
6.40192 5.81711 3.61092 5.43808	-0.00331	-0.02335	-0.06508
6.42649 5.69373 3.98898 5.58725	0.02457	0.02788	0.05123
6.42811 5.80212 3.4012 5.55296	0.00162	-0.02295	-0.05083
6.38856 5.70044 3.82864 5.52146	-0.03955	-0.04117	-0.01822
6.43133 5.7589 3.80666 5.55683	0.04277	0.08232	0.12349
6.40853 5.75574 3.55535 5.54518	-0.0228	-0.06557	-0.14789
6.43294 5.73979 3.52636 5.62402	0.02441	0.04721	0.11278
6.44413 5.7462 4.07754 5.54908	0.01119	-0.01322	-0.06043
6.45047 5.77455 3.73767 5.59471	0.00634	-0.00485	0.00837
6.4552 5.7301 4.04305 5.60212	0.00473	-0.00161	0.00324
6.42972 5.826 2.63906 5.58725	-0.02548	-0.03021	-0.0286
6.45677 5.77144 3.98898 5.56834	0.02705	0.05253	0.08274
6.40523 5.80212 3.3322 5.50533	-0.05154	-0.07859	-0.13112
6.43133 5.77765 3.2581 5.6058	0.0261	0.07764	0.15623
6.47543 5.80212 3.58352 5.64191	0.0441	0.018	-0.05964
6.46925 5.72685 3.73767 5.69036	-0.00618	-0.05028	-0.06828
6.46925 5.73334 3.52636 5.71043	0	0.00618	0.05646
6.45677 5.80212 3.55535 5.60212	-0.01248	-0.01248	-0.01866
6.42811 5.77455 2.07944 5.66643	-0.02866	-0.01618	-0.0037
6.4552 5.71703 3.98898 5.62762	0.02709	0.05575	0.07193
6.44889 5.80513 3.2581 5.61313	-0.00631	-0.0334	-0.08915
6.50728 5.71703 4.00733 5.73979	0.05839	0.0647	0.0981
6.44254 5.71373 4.18965 5.55683	-0.06474	-0.12313	-0.18783
6.43133 5.70711 4.33073 5.49717	-0.01121	0.05353	0.17666
6.43775 5.80212 3.46574 5.56834	0.00642	0.01763	-0.0359
6.42811 5.76519 3.73767 5.55296	-0.00964	-0.01606	-0.03369
6.45362 5.78996 3.71357 5.58725	0.02551	0.03515	0.05121
6.43775 5.7301 3.63759 5.63121	-0.01587	-0.04138	-0.07653
6.49527 5.75574 4.04305 5.66643	0.05752	0.07339	0.11477
6.45834 5.70711 3.68888 5.69373	-0.03693	-0.09445	-0.16784
6.46925 5.72031 4.07754 5.63835	0.01091	0.04784	0.14229
6.45047 5.76205 3.3673 5.65599	-0.01878	-0.02969	-0.07753
6.48311 5.73334 3.58352 5.73334	0.03264	0.05142	0.08111
6.48158 5.71373 3.93183 5.70044	-0.00153	-0.03417	-0.08559
6.50279 5.81114 1.79176 5.78996	0.02121	0.02274	0.05691
6.50129 5.76832 3.17805 5.77455	-0.0015	-0.02271	-0.04545
6.51026 5.77455 3.55535 5.75257	0.00897	0.01047	0.03318
6.53959 5.78383 3.95124 5.75257	0.02933	0.02036	0.00989
6.52356 5.85507 2.30259 5.77455	-0.01603	-0.04536	-0.06572
6.52942 5.81413 2.77259 5.81114	0.00586	0.02189	0.06725
6.52942 5.826 2.99573 5.7869	0	-0.00586	-0.02775
6.49677 5.77144 2.30259 5.80513	-0.03265	-0.03265	-0.02679
6.53524 5.65249 3.80666 5.88332	0.03847	0.07112	0.10377
6.51471 5.77455 1.38629 5.87774	-0.02053	-0.059	-0.13012
6.53379 5.71703 3.61092 5.84932	0.01908	0.03961	0.09861
6.54535 5.73979 2.89037 5.90536	0.01156	-0.00752	-0.04713
6.53814 5.76519 2.07944 5.89715	-0.00721	-0.01877	-0.01125
6.56386 5.73979 2.07944 6.00635	0.02572	0.03293	0.0517
6.58341 5.70044 2.48491 6.02102	0.01955	-0.00617	-0.0391
6.53524 5.72685 2.77259 5.98645	-0.04817	-0.06772	-0.06155
6.55251 5.7462 3.52636 5.8693	0.01727	0.06544	0.13316
6.53524 5.77765 2.83321 5.94803	-0.01727	-0.03454	-0.09998
6.52942 5.78074 1.60944 5.90263	-0.00582	0.01145	0.04599
6.49828 5.72685 2.19722 5.8522	-0.03114	-0.02532	-0.03677
6.53524 5.75574 3.68888 5.80814	0.03696	0.0681	0.09342
6.50429 5.80513 2.3979 5.84932	-0.03095	-0.06791	-0.13601
6.48311 5.70711 2.48491 5.83188	-0.02118	0.00977	0.07768
6.48158 5.70044 3.13549 5.80212	-0.00153	0.01965	0.00988
6.50279 5.73657 3.85015 5.73657	0.02121	0.02274	0.00309
6.48311 5.70044 3.49651 5.77455	-0.01968	-0.04089	-0.06363
6.50578 5.82895 2.07944 5.82008	0.02267	0.04235	0.08324
6.51323 5.82895 1.38629 5.79909	0.00745	-0.01522	-0.05757
6.51323 5.75574 2.70805 5.83773	0	-0.00745	0.00777
6.55108 5.80814 2.07944 5.88332	0.03785	0.03785	0.0453
6.54679 5.80814 1.09861 5.90536	-0.00429	-0.04214	-0.07999
6.53814 5.79909 2.3979 5.91889	-0.00865	-0.00436	0.03778
6.53669 5.80212 0 5.88332	-0.00145	0.0072	0.01156
6.54103 5.73334 0.693147 5.95584	0.00434	0.00579	-0.00141
6.57228 5.69373 2.83321 5.99396	0.03125	0.02691	0.02112
6.51767 5.69036 2.63906 5.90536	-0.05461	-0.08586	-0.11277
6.52209 5.62762 4.30407 5.79301	0.00442	0.05903	0.14489
6.49224 5.71703 3.09104 5.81114	-0.02985	-0.03427	-0.0933
6.48311 5.73657 3.80666 5.70044	-0.00913	0.02072	0.05499
6.4708 5.70044 3.13549 5.78074	-0.01231	-0.00318	-0.0239
6.49072 5.68358 3.71357 5.78074	0.01992	0.03223	0.03541
6.43294 5.73979 2.70805 5.69036	-0.05778	-0.0777	-0.10993
6.45047 5.67675 4.36945 5.56834	0.01753	0.07531	0.15301
6.40357 5.73334 4.35671 5.3799	-0.0469	-0.06443	-0.13974
6.37502 5.70711 4.2485 5.37528	-0.02855	0.01835	0.08278
6.36819 5.71373 4.17439 5.37064	-0.00683	0.02172	0.00337
6.35784 5.69709 4.33073 5.31321	-0.01035	-0.00352	-0.02524
6.35263 5.74939 4.07754 5.3033	-0.00521	0.00514	0.00866
6.35263 5.72031 4.17439 5.31812	0	0.00521	7e-05
6.34036 5.72359 4.27667 5.24175	-0.01227	-0.01227	-0.01748
6.32794 5.743 4.02535 5.2575	-0.01242	-0.00015	0.01212
6.35957 5.77455 4.02535 5.29832	0.03163	0.04405	0.0442
6.33859 5.77455 4.07754 5.22036	-0.02098	-0.05261	-0.09666
6.32794 5.78383 4.07754 5.17048	-0.01065	0.01033	0.06294
6.32615 5.80513 3.52636 5.26269	-0.00179	0.00886	-0.00147
6.36647 5.75574 4.18965 5.29832	0.04032	0.04211	0.03325
6.30992 5.71043 3.91202 5.28827	-0.05655	-0.09687	-0.13898
6.33505 5.7869 3.71357 5.2832	0.02513	0.08168	0.17855
6.30992 5.7462 3.66356 5.28827	-0.02513	-0.05026	-0.13194
6.35089 5.71043 4.09434 5.35186	0.04097	0.0661	0.11636
6.32794 5.73657 4.02535 5.26786	-0.02295	-0.06392	-0.13002
6.31355 5.71043 4.29046 5.17615	-0.01439	0.00856	0.07248
6.30628 5.76519 3.80666 5.21494	-0.00727	0.00712	-0.00144
6.31897 5.73657 4.11087 5.21494	0.01269	0.01996	0.01284
6.32436 5.82008 3.73767 5.18739	0.00539	-0.0073	-0.02726
6.33328 5.80212 2.77259 5.37528	0.00892	0.00353	0.01083
6.37843 5.75257 3.61092 5.46806	0.04515	0.03623	0.0327
6.35089 5.76205 3.4012 5.4161	-0.02754	-0.07269	-0.10892
6.34564 5.71703 3.2581 5.48064	-0.00525	0.02229	0.09498
6.35957 5.65599 3.89182 5.49306	0.01393	0.01918	-0.00311
6.32077 5.68698 4.2485 5.25227	-0.0388	-0.05273	-0.07191
6.31173 5.72031 4.15888 5.20401	-0.00904	0.02976	0.08249
6.30079 5.77765 3.97029 5.1299	-0.01094	-0.0019	-0.03166
6.286 5.76205 3.82864 5.15329	-0.01479	-0.00385	-0.00195
6.27664 5.76832 4.12713 5.01064	-0.00936	0.00543	0.00928
6.26149 5.79301 3.8712 4.99721	-0.01515	-0.00579	-0.01122
6.27664 5.82305 3.3322 5.11199	0.01515	0.0303	0.03609
6.28786 5.73657 4.14313 5.10595	0.01122	-0.00393	-0.03423
6.28413 5.78383 3.52636 5.17615	-0.00373	-0.01495	-0.01102
6.31173 5.72031 4.30407 5.14749	0.0276	0.03133	0.04628
6.27476 5.78383 3.4012 5.17048	-0.03697	-0.06457	-0.0959
6.27852 5.77144 4.2485 4.95583	0.00376	0.04073	0.1053
6.30079 5.77144 3.80666 5.18739	0.02227	0.01851	-0.02222
6.30445 5.76832 4.07754 5.12396	0.00366	-0.01861	-0.03712
6.31716 5.73979 3.98898 5.24175	0.01271	0.00905	0.02766
6.3081 5.7462 3.73767 5.26786	-0.00906	-0.02177	-0.03082
6.31173 5.72031 4.15888 5.20401	0.00363	0.01269	0.03446
6.30445 5.7589 3.46574 5.28827	-0.00728	-0.01091	-0.0236
6.33683 5.7589 3.80666 5.31321	0.03238	0.03966	0.05057
6.3613 5.79909 4.02535 5.26269	0.02447	-0.00791	-0.04757
6.28413 5.743 3.98898 5.1358	-0.07717	-0.10164	-0.09373
6.30992 5.79301 3.29584 5.273	0.02579	0.10296	0.2046
6.32794 5.78383 3.73767 5.26269	0.01802	-0.00777	-0.11073
6.34388 5.78996 3.85015 5.273	0.01594	-0.00208	0.00569
6.35437 5.81711 2.89037 5.39816	0.01049	-0.00545	-0.00337
6.34914 5.66296 4.29046 5.35186	-0.00523	-0.01572	-0.01027
6.34212 5.7462 3.7612 5.35659	-0.00702	-0.00179	0.01393
6.34388 5.73657 3.91202 5.34233	0.00176	0.00878	0.01057
6.32077 5.71703 4.20469 5.22036	-0.02311	-0.02487	-0.03365
6.29527 5.73334 3.68888 5.26269	-0.0255	-0.00239	0.02248
6.30445 5.78996 3.4012 5.24702	0.00918	0.03468	0.03707
6.31897 5.70044 4.17439 5.25227	0.01452	0.00534	-0.02934
6.31173 5.743 3.58352 5.31321	-0.00724	-0.02176	-0.0271
6.34212 5.79909 3.61092 5.3033	0.03039	0.03763	0.05939
6.29157 5.7589 3.29584 5.27811	-0.05055	-0.08094	-0.11857
6.31536 5.7869 4.2485 5.05625	0.02379	0.07434	0.15528
6.29527 5.73657 4.20469 5.10595	-0.02009	-0.04388	-0.11822
6.30992 5.70044 4.02535 5.273	0.01465	0.03474	0.07862
6.3081 5.79606 0 5.39816	-0.00182	-0.01647	-0.05121
6.38519 5.69036 4.18965 5.44242	0.07709	0.07891	0.09538
6.33859 5.68358 3.91202 5.40268	-0.0466	-0.12369	-0.2026
6.35611 5.71043 3.93183 5.40717	0.01752	0.06412	0.18781
6.33859 5.75257 3.8712 5.31321	-0.01752	-0.03504	-0.09916
6.30445 5.72685 4.00733 5.22036	-0.03414	-0.01662	0.01842
6.3081 5.7869 3.78419 5.18739	0.00365	0.03779	0.05441
6.29157 5.71703 3.73767 5.26786	-0.01653	-0.02018	-0.05797
6.24222 5.7301 3.91202 5.04986	-0.04935	-0.03282	-0.01264
6.23441 5.73657 4.23411 4.8752	-0.00781	0.04154	0.07436
6.24222 5.78383 4.33073 4.72739	0.00781	0.01562	-0.02592
6.24028 5.826 3.95124 4.80402	-0.00194	-0.00975	-0.02537
6.2672 5.78996 4.12713 4.92725	0.02692	0.02886	0.03861
6.2634 5.7462 4.38203 4.8828	-0.0038	-0.03072	-0.05958
6.27476 5.80212 4.15888 4.91265	0.01136	0.01516	0.04588
6.27099 5.77144 4.15888 4.96981	-0.00377	-0.01513	-0.03029
6.28972 5.73334 4.30407 5.04986	0.01873	0.0225	0.03763
6.27099 5.73334 4.33073 4.96981	-0.01873	-0.03746	-0.05996
6.27476 5.72685 4.5326 4.8752	0.00377	0.0225	0.05996
6.24028 5.77455 4.21951 4.81218	-0.03448	-0.03825	-0.06075
6.23832 5.77455 4.31749 4.74493	-0.00196	0.03252	0.07077
6.23048 5.77144 4.17439 4.80402	-0.00784	-0.00588	-0.0384
6.25575 5.81114 4.11087 4.83628	0.02527	0.03311	0.03899
6.23441 5.78996 4.06044 4.82831	-0.02134	-0.04661	-0.07972
6.28227 5.78996 4.26268 4.91998	0.04786	0.0692	0.11581
6.2672 5.78074 4.20469 4.91265	-0.01507	-0.06293	-0.13213
6.26149 5.7589 4.46591 4.78749	-0.00571	0.00936	0.07229
6.22059 5.79301 4.09434 4.74493	-0.0409	-0.03519	-0.04455
6.23832 5.81114 4.38203 4.58497	0.01773	0.05863	0.09382
6.23441 5.81114 4.39445 4.55388	-0.00391	-0.02164	-0.08027
6.22654 5.77765 4.57471 4.45435	-0.00787	-0.00396	0.01768
6.22456 5.81114 4.27667 4.59512	-0.00198	0.00589	0.00985
6.22258 5.77455 4.23411 4.72739	-0.00198	0	-0.00589
6.25767 5.80814 4.02535 4.89035	0.03509	0.03707	0.03707
6.2634 5.72031 4.07754 5.0814	0.00573	-0.02936	-0.06643
6.28227 5.743 4.14313 5.07517	0.01887	0.01314	0.0425
6.2653 5.73979 4.27667 4.96284	-0.01697	-0.03584	-0.04898
6.22851 5.7462 4.2485 4.82028	-0.03679	-0.01982	0.01602
6.20859 5.75257 4.04305 4.82831	-0.01992	0.01687	0.03669
6.22059 5.77455 4.11087 4.78749	0.012	0.03192	0.01505
6.22654 5.78383 4.29046 4.68213	0.00595	-0.00605	-0.03797
6.24028 5.743 4.40672 4.77912	0.01374	0.00779	0.01384
6.25383 5.79909 4.2485 4.78749	0.01355	-0.00019	-0.00798
6.23441 5.75574 4.21951 4.83628	-0.01942	-0.03297	-0.03278
6.2653 5.79909 4.02535 4.94164	0.03089	0.05031	0.08328
6.27664 5.76832 4.02535 5.04986	0.01134	-0.01955	-0.06986
6.27288 5.75574 3.8712 5.11199	-0.00376	-0.0151	0.00445
6.33859 5.743 4.38203 5.15906	0.06571	0.06947	0.08457
6.29157 5.7301 4.04305 5.16479	-0.04702	-0.11273	-0.1822
6.29157 5.73979 4.33073 5.03044	0	0.04702	0.15975
6.27476 5.76519 4.29046 4.93447	-0.01681	-0.01681	-0.06383
6.27476 5.7301 4.43082 4.93447	0	0.01681	0.03362
6.28786 5.71703 4.44265 5.00395	0.0131	0.0131	-0.00371
6.23441 5.7462 4.04305 4.94164	-0.05345	-0.06655	-0.07965
6.2672 5.74939 4.33073 4.91998	0.03279	0.08624	0.15279
6.21461 5.71043 4.43082 4.7362	-0.05259	-0.08538	-0.17162
6.2186 5.75574 4.02535 4.86753	0.00399	0.05658	0.14196
6.22258 5.68358 4.45435 4.82028	0.00398	-1e-05	-0.05659
6.2106 5.69709 4.38203 4.78749	-0.01198	-0.01596	-0.01595
6.19032 5.69709 4.47734 4.62497	-0.02028	-0.0083	0.00766
6.22258 5.71043 4.49981 4.7185	0.03226	0.05254	0.06084
6.18621 5.72359 4.47734 4.52179	-0.03637	-0.06863	-0.12117
6.17379 5.75574 4.41884 4.39445	-0.01242	0.02395	0.09258
6.18621 5.77144 4.20469 4.58497	0.01242	0.02484	0.00089
6.20051 5.74939 4.33073 4.63473	0.0143	0.00188	-0.02296
6.20254 5.71703 4.33073 4.7362	0.00203	-0.01227	-0.01415
6.23441 5.70378 4.43082 4.83628	0.03187	0.02984	0.04211
6.22258 5.68358 4.02535 5.03695	-0.01183	-0.0437	-0.07354
6.23832 5.63479 4.34381 5.04343	0.01574	0.02757	0.07127
6.2186 5.72685 3.78419 5.01728	-0.01972	-0.03546	-0.06303
6.2672 5.65948 4.48864 5.01728	0.0486	0.06832	0.10378
6.24804 5.743 3.61092 5.12396	-0.01916	-0.06776	-0.13608
6.26149 5.68698 4.00733 5.15906	0.01345	0.03261	0.10037
6.2519 5.6204 4.00733 5.23644	-0.00959	-0.02304	-0.05565
6.29895 5.77144 3.61092 5.22575	0.04705	0.05664	0.07968
6.31897 5.70378 3.95124 5.31321	0.02002	-0.02703	-0.08367
6.29527 5.69709 3.58352 5.33754	-0.0237	-0.04372	-0.01669
6.31716 5.71043 4.18965 5.22575	0.02189	0.04559	0.08931
6.29895 5.7301 4.30407 5.0876	-0.01821	-0.0401	-0.08569
6.31355 5.73657 3.73767 5.29832	0.0146	0.03281	0.07291
6.33505 5.71043 3.95124 5.34711	0.0215	0.0069	-0.02591
6.36647 5.72359 3.73767 5.45532	0.03142	0.00992	0.00302
6.39024 5.71043 4.27667 5.40268	0.02377	-0.00765	-0.01757
6.34564 5.74939 3.8712 5.33754	-0.0446	-0.06837	-0.06072
6.32436 5.80513 3.43399 5.273	-0.02128	0.02332	0.09169
6.30262 5.78996 3.7612 5.17048	-0.02174	-0.00046	-0.02378
6.31536 5.86363 3.04452 5.19296	0.01274	0.03448	0.03494
6.35957 5.80814 3.46574 5.36129	0.04421	0.03147	-0.00301
6.34036 5.7589 1.60944 5.50126	-0.01921	-0.06342	-0.09489
6.40853 5.7301 3.78419 5.54126	0.06817	0.08738	0.1508
6.39693 5.68358 4.04305 5.51745	-0.0116	-0.07977	-0.16715
6.3699 5.60947 3.71357 5.59842	-0.02703	-0.01543	0.06434
6.44731 5.71043 3.17805 5.72031	0.07741	0.10444	0.11987
6.40688 5.77455 1.09861 5.63835	-0.04043	-0.11784	-0.22228
6.41999 5.75257 2.48491 5.65948	0.01311	0.05354	0.17138
6.44731 5.78996 3.46574 5.6058	0.02732	0.01421	-0.03933
6.43455 5.77144 3.98898 5.51343	-0.01276	-0.04008	-0.05429
6.42162 5.77765 1.38629 5.66296	-0.01293	-0.00017	0.03991
6.45362 5.7462 3.8712 5.61313	0.032	0.04493	0.0451
6.42487 5.80814 2.83321 5.58725	-0.02875	-0.06075	-0.10568
6.45047 5.71043 4.14313 5.59099	0.0256	0.05435	0.1151
6.39359 5.73334 2.89037 5.60212	-0.05688	-0.08248	-0.13683
6.41836 5.68698 3.78419 5.61313	0.02477	0.08165	0.16413
6.43775 5.73979 3.89182 5.57973	0.01939	-0.00538	-0.08703
6.45677 5.71703 4.00733 5.62762	0.01902	-0.00037	0.00501
6.40026 5.75257 2.94444 5.59099	-0.05651	-0.07553	-0.07516
6.41836 5.72359 4.07754 5.51343	0.0181	0.07461	0.15014
6.42649 5.79606 3.55535 5.53733	0.00813	-0.00997	-0.08458
6.43455 5.76205 3.09104 5.64545	0.00806	-7e-05	0.0099
6.41673 5.81114 2.07944 5.59842	-0.01782	-0.02588	-0.02581
6.41673 5.74939 3.04452 5.62402	0	0.01782	0.0437
6.42325 5.77765 3.29584 5.5835	0.00652	0.00652	-0.0113
6.42162 5.743 3.82864 5.54908	-0.00163	-0.00815	-0.01467
6.38012 5.7869 3.17805 5.48064	-0.0415	-0.03987	-0.03172
6.38688 5.81711 3.17805 5.45532	0.00676	0.04826	0.08813
6.37673 5.73657 4.21951 5.34711	-0.01015	-0.01691	-0.06517
6.37673 5.81114 3.93183 5.31321	0	0.01015	0.02706
6.3699 5.826 3.49651 5.35659	-0.00683	-0.00683	-0.01698
6.39192 5.81711 3.80666 5.37528	0.02202	0.02885	0.03568
6.40688 5.79606 3.73767 5.45959	0.01496	-0.00706	-0.03591
6.41182 5.77144 3.3673 5.55683	0.00494	-0.01002	-0.00296
6.43133 5.70378 3.7612 5.62762	0.01951	0.01457	0.02459
6.40357 5.69373 3.61092 5.59842	-0.02776	-0.04727	-0.06184
6.41182 5.80513 3.2581 5.52545	0.00825	0.03601	0.08328
6.43294 5.75574 3.93183 5.54126	0.02112	0.01287	-0.02314
6.39024 5.72685 3.71357 5.51343	-0.0427	-0.06382	-0.07669
6.39192 5.76832 3.3322 5.51745	0.00168	0.04438	0.1082
6.40357 5.75574 3.3673 5.55683	0.01165	0.00997	-0.03441
6.39359 5.75257 4.26268 5.35659	-0.00998	-0.02163	-0.0316
6.42162 5.79909 4.09434 5.4161	0.02803	0.03801	0.05964
6.3699 5.79909 3.46574 5.40268	-0.05172	-0.07975	-0.11776
6.39024 5.77455 3.8712 5.42053	0.02034	0.07206	0.15181
6.39359 5.82305 2.48491 5.51343	0.00335	-0.01699	-0.08905
6.42649 5.76205 3.8712 5.52943	0.0329	0.02955	0.04654
6.44889 5.8693 3.09104 5.70378	0.0224	-0.0105	-0.04005
6.43935 5.71043 3.7612 5.63835	-0.00954	-0.03194	-0.02144
6.43935 5.82008 3.3322 5.56452	0	0.00954	0.04148
6.4151 5.70044 3.98898 5.55296	-0.02425	-0.02425	-0.03379
6.45362 5.76519 3.49651 5.64545	0.03852	0.06277	0.08702
6.42811 5.62762 4.39445 5.56068	-0.02551	-0.06403	-0.1268
6.41017 5.80814 3.46574 5.49306	-0.01794	0.00757	0.0716
6.43455 5.77144 4.29046 5.43372	0.02438	0.04232	0.03475
6.40853 5.87493 1.09861 5.51343	-0.02602	-0.0504	-0.09272
6.44889 5.80212 3.68888 5.56452	0.04036	0.06638	0.11678
6.43455 5.75257 3.71357 5.58725	-0.01434	-0.0547	-0.12108
6.44095 5.73657 3.80666 5.6058	0.0064	0.02074	0.07544
6.40688 5.75257 3.63759 5.53339	-0.03407	-0.04047	-0.06121
6.39859 5.77144 3.46574 5.51343	-0.00829	0.02578	0.06625
6.41182 5.79606 3.7612 5.46806	0.01323	0.02152	-0.00426
6.39526 5.71703 4.09434 5.45959	-0.01656	-0.02979	-0.05131
6.42972 5.77455 3.63759 5.56068	0.03446	0.05102	0.08081
6.40688 5.80513 2.99573 5.53733	-0.02284	-0.0573	-0.10832
6.43615 5.76205 3.85015 5.55683	0.02927	0.05211	0.10941
6.44254 5.80212 3.49651 5.57595	0.00639	-0.02288	-0.07499
6.44413 5.71043 3.91202 5.62402	0.00159	-0.0048	0.01808
6.44572 5.80513 0.693147 5.69036	0.00159	0	0.0048
6.4708 5.75574 4.06044 5.6058	0.02508	0.02349	0.02349
6.46147 5.82305 2.30259 5.67675	-0.00933	-0.03441	-0.0579
6.44889 5.7301 3.80666 5.63121	-0.01258	-0.00325	0.03116
6.44572 5.81413 3.63759 5.54908	-0.00317	0.00941	0.01266
6.47851 5.85507 3.66356 5.57215	0.03279	0.03596	0.02655
6.45047 5.7869 3.49651 5.61313	-0.02804	-0.06083	-0.09679
6.4708 5.75257 3.93183 5.63479	0.02033	0.04837	0.1092
6.46303 5.77455 4.07754 5.56068	-0.00777	-0.0281	-0.07647
6.40357 5.79606 3.73767 5.45104	-0.05946	-0.05169	-0.02359
6.35784 5.73334 4.07754 5.34233	-0.04573	0.01373	0.06542
6.31897 5.71703 4.18965 5.22036	-0.03887	0.00686	-0.00687
6.29157 5.70378 3.91202 5.24702	-0.0274	0.01147	0.00461
6.29895 5.74939 4.29046 5.05625	0.00738	0.03478	0.02331
6.30628 5.77765 4.33073 5.00395	0.00733	-5e-05	-0.03483
6.3081 5.79606 4.11087 5.0689	0.00182	-0.00551	-0.00546
6.286 5.743 4.30407 5.01728	-0.0221	-0.02392	-0.01841
6.27288 5.75574 4.29046 4.94876	-0.01312	0.00898	0.0329
6.29527 5.77765 4.26268 4.99721	0.02239	0.03551	0.02653
6.28227 5.75574 4.12713 5.05625	-0.013	-0.03539	-0.0709
6.28786 5.79909 4.04305 5.01728	0.00559	0.01859	0.05398
6.30992 5.80814 3.97029 5.09987	0.02206	0.01647	-0.00212
6.30445 5.75574 4.04305 5.15906	-0.00547	-0.02753	-0.044
6.33859 5.76519 4.20469 5.19296	0.03414	0.03961	0.06714
6.3613 5.743 3.8712 5.38907	0.02271	-0.01143	-0.05104
6.36647 5.7301 3.09104 5.52943	0.00517	-0.01754	-0.00611
6.39024 5.67675 4.20469 5.46806	0.02377	0.0186	0.03614
6.38351 5.78383 3.55535 5.44674	-0.00673	-0.0305	-0.0491
6.41836 5.78074 3.82864 5.49306	0.03485	0.04158	0.07208
6.38688 5.84064 3.61092 5.36129	-0.03148	-0.06633	-0.10791
6.41346 5.81413 3.49651 5.48894	0.02658	0.05806	0.12439
6.40523 5.81711 3.09104 5.50939	-0.00823	-0.03481	-0.09287
6.42649 5.77455 3.55535 5.56452	0.02126	0.02949	0.0643
6.39693 5.73979 3.29584 5.56834	-0.02956	-0.05082	-0.08031
6.35784 5.69036 4.04305 5.41165	-0.03909	-0.00953	0.04129
6.35611 5.78383 4.00733 5.27811	-0.00173	0.03736	0.04689
6.36819 5.7869 3.91202 5.33272	0.01208	0.01381	-0.02355
6.37673 5.7301 4.17439 5.37064	0.00854	-0.00354	-0.01735
6.39024 5.81413 3.82864 5.37064	0.01351	0.00497	0.00851
6.39859 5.78383 4.18965 5.34711	0.00835	-0.00516	-0.01013
6.35437 5.73334 4.41884 5.20949	-0.04422	-0.05257	-0.04741
6.35784 5.76832 3.91202 5.33272	0.00347	0.04769	0.10026
6.36303 5.69709 4.45435 5.27811	0.00519	0.00172	-0.04597
6.33859 5.71703 4.31749 5.23111	-0.02444	-0.02963	-0.03135
6.36647 5.7589 4.47734 5.17615	0.02788	0.05232	0.08195
6.32615 5.72031 4.21951 5.22575	-0.04032	-0.0682	-0.12052
6.34739 5.77765 4.11087 5.23111	0.02124	0.06156	0.12976
6.35089 5.76832 3.98898 5.2933	0.0035	-0.01774	-0.0793
6.38351 5.75574 4.27667 5.31812	0.03262	0.02912	0.04686
6.35957 5.7301 4.17439 5.32301	-0.02394	-0.05656	-0.08568
6.35263 5.67332 4.30407 5.34233	-0.00694	0.017	0.07356
6.3081 5.67332 4.02535 5.30827	-0.04453	-0.03759	-0.05459
6.34388 5.76519 4.27667 5.18178	0.03578	0.08031	0.1179
6.31173 5.70711 4.27667 5.18178	-0.03215	-0.06793	-0.14824
6.34036 5.73979 4.09434 5.27811	0.02863	0.06078	0.12871
6.33328 5.78996 3.80666 5.25227	-0.00708	-0.03571	-0.09649
6.3613 5.79301 3.55535 5.37528	0.02802	0.0351	0.07081
6.33505 5.76519 3.3322 5.3799	-0.02625	-0.05427	-0.08937
6.3613 5.73334 4.09434 5.34711	0.02625	0.0525	0.10677
6.32257 5.70711 3.7612 5.36129	-0.03873	-0.06498	-0.11748
6.31536 5.66296 4.27667 5.26269	-0.00721	0.03152	0.0965
6.29527 5.69709 4.18965 5.18178	-0.02009	-0.01288	-0.0444
6.28786 5.65599 4.36945 5.15329	-0.00741	0.01268	0.02556
6.28413 5.72685 3.93183 5.18178	-0.00373	0.00368	-0.009
6.30445 5.75574 3.63759 5.26269	0.02032	0.02405	0.02037
6.32077 5.66988 4.09434 5.32788	0.01632	-0.004	-0.02805
6.36303 5.77455 3.17805 5.45532	0.04226	0.02594	0.02994
6.32794 5.7301 4.02535 5.27811	-0.03509	-0.07735	-0.10329
6.38012 5.72359 4.12713 5.40268	0.05218	0.08727	0.16462
6.37673 5.74939 3.66356 5.45959	-0.00339	-0.05557	-0.14284
6.38012 5.67332 4.2485 5.43372	0.00339	0.00678	0.06235
6.37843 5.69373 4.04305 5.45959	-0.00169	-0.00508	-0.01186
6.42487 5.76205 4.06044 5.4848	0.04644	0.04813	0.05321
6.36647 5.74939 3.66356 5.43372	-0.0584	-0.10484	-0.15297
6.37673 5.72031 3.85015 5.46383	0.01026	0.06866	0.1735
6.38856 5.76205 4.06044 5.38907	0.01183	0.00157	-0.06709
6.33859 5.70378 3.80666 5.39816	-0.04997	-0.0618	-0.06337
6.35263 5.75257 4.2485 5.24175	0.01404	0.06401	0.12581
6.32972 5.73979 3.93183 5.2933	-0.02291	-0.03695	-0.10096
6.33328 5.65599 4.46591 5.24702	0.00356	0.02647	0.06342
6.32077 5.7462 4.17439 5.18178	-0.01251	-0.01607	-0.04254
6.29342 5.72359 4.34381 5.0626	-0.02735	-0.01484	0.00123
6.28413 5.72685 4.40672 4.99043	-0.00929	0.01806	0.0329
6.286 5.73334 4.26268 5.05625	0.00187	0.01116	-0.0069
6.29342 5.75574 4.38203 4.97673	0.00742	0.00555	-0.00561
6.30628 5.74939 4.33073 5.0626	0.01286	0.00544	-0.00011
6.30992 5.69709 4.31749 5.17615	0.00364	-0.00922	-0.01466
6.32794 5.70044 4.46591 5.15906	0.01802	0.01438	0.0236
6.34739 5.71703 3.85015 5.39363	0.01945	0.00143	-0.01295
6.34564 5.60947 4.29046 5.41165	-0.00175	-0.0212	-0.02263
6.3613 5.71703 4.15888 5.35186	0.01566	0.01741	0.03861
6.3699 5.7301 4.21951 5.33754	0.0086	-0.00706	-0.02447
6.38688 5.77455 4.17439 5.33272	0.01698	0.00838	0.01544
6.39359 5.73334 4.27667 5.3799	0.00671	-0.01027	-0.01865
6.35437 5.80212 4.02535 5.23644	-0.03922	-0.04593	-0.03566
6.37161 5.77765 4.12713 5.29832	0.01724	0.05646	0.10239
6.37161 5.77765 3.91202 5.35659	0	-0.01724	-0.0737
6.35089 5.77765 4.18965 5.21494	-0.02072	-0.02072	-0.00348
6.35784 5.70044 4.33073 5.30827	0.00695	0.02767	0.04839
6.32972 5.68017 4.44265 5.20949	-0.02812	-0.03507	-0.06274
6.34388 5.7301 4.34381 5.21494	0.01416	0.04228	0.07735
6.32436 5.72685 4.48864 5.0876	-0.01952	-0.03368	-0.07596
6.34036 5.71703 4.61512 5.0876	0.016	0.03552	0.0692
6.31355 5.72685 4.48864 5.04986	-0.02681	-0.04281	-0.07833
6.33328 5.68358 4.47734 5.1985	0.01973	0.04654	0.08935
6.29895 5.7301 4.23411 5.11799	-0.03433	-0.05406	-0.1006
6.35611 5.78996 4.34381 5.14749	0.05716	0.09149	0.14555
6.32257 5.68358 4.63473 5.07517	-0.03354	-0.0907	-0.18219
6.29895 5.72031 4.64439 4.90527	-0.02362	0.00992	0.10062
6.27476 5.73334 4.52179 4.86753	-0.02419	-0.00057	-0.01049
6.24804 5.68698 4.5326 4.85981	-0.02672	-0.00253	-0.00196
6.24804 5.7301 4.49981 4.77912	0	0.02672	0.02925
6.24998 5.74939 4.54329 4.70048	0.00194	0.00194	-0.02478
6.24222 5.75574 4.64439 4.54329	-0.00776	-0.0097	-0.01164
6.22258 5.79301 4.58497 4.35671	-0.01964	-0.01188	-0.00218
6.20658 5.76832 4.56435 4.38203	-0.016	0.00364	0.01552
6.20658 5.73657 4.64439 4.40672	0	0.016	0.01236
6.19032 5.77455 4.45435 4.38203	-0.01626	-0.01626	-0.03226
6.22654 5.7301 4.70953 4.46591	0.03622	0.05248	0.06874
6.2106 5.7462 4.66344 4.36945	-0.01594	-0.05216	-0.10464
6.21661 5.73979 4.5326 4.57471	0.00601	0.02195	0.07411
6.22851 5.74939 4.65396 4.47734	0.0119	0.00589	-0.01606
6.23048 5.70711 4.62497 4.65396	0.00197	-0.00993	-0.01582
6.24028 5.76519 4.31749 4.77912	0.0098	0.00783	0.01776
6.25575 5.71703 4.67283 4.70048	0.01547	0.00567	-0.00216
6.24611 5.73334 4.5326 4.7362	-0.00964	-0.02511	-0.03078
6.24804 5.66988 4.66344 4.79579	0.00193	0.01157	0.03668
6.23832 5.71703 4.78749 4.47734	-0.00972	-0.01165	-0.02322
6.22258 5.69036 4.7362 4.54329	-0.01574	-0.00602	0.00563
6.2186 5.743 4.52179 4.58497	-0.00398	0.01176	0.01778
6.20254 5.743 4.59512 4.41884	-0.01606	-0.01208	-0.02384
6.22654 5.73979 4.59512 4.56435	0.024	0.04006	0.05214
6.22851 5.73657 4.62497 4.55388	0.00197	-0.02203	-0.06209
6.20658 5.72359 4.56435 4.54329	-0.02193	-0.0239	-0.00187
6.19441 5.70378 4.63473 4.46591	-0.01217	0.00976	0.03366
6.18621 5.63835 4.80402 4.41884	-0.0082	0.00397	-0.00579
6.16752 5.71373 4.76217 4.04305	-0.01869	-0.01049	-0.01446
6.15486 5.72359 4.69135 4.02535	-0.01266	0.00603	0.01652
6.16542 5.72031 4.78749 3.93183	0.01056	0.02322	0.01719
6.19236 5.7589 4.7362 4.06044	0.02694	0.01638	-0.00684
6.18002 5.73334 4.76217 4.04305	-0.01234	-0.03928	-0.05566
6.1717 5.743 4.74493 3.95124	-0.00832	0.00402	0.0433
6.18208 5.72031 4.65396 4.30407	0.01038	0.0187	0.01468
6.1717 5.69036 4.7362 4.23411	-0.01038	-0.02076	-0.03946
6.18621 5.73657 4.61512 4.31749	0.01451	0.02489	0.04565
6.16961 5.70044 4.79579 4.06044	-0.0166	-0.03111	-0.056
6.1717 5.70378 4.7362 4.17439	0.00209	0.01869	0.0498
6.18208 5.7301 4.70953 4.17439	0.01038	0.00829	-0.0104
6.17794 5.72685 4.67283 4.21951	-0.00414	-0.01452	-0.02281
6.19236 5.71043 4.79579 4.18965	0.01442	0.01856	0.03308
6.18208 5.7462 4.68213 4.14313	-0.01028	-0.0247	-0.04326
6.18415 5.73334 4.85203 3.8712	0.00207	0.01235	0.03705
6.18002 5.7462 4.82028 3.82864	-0.00413	-0.0062	-0.01855
6.18415 5.7462 4.74493 4.04305	0.00413	0.00826	0.01446
6.20051 5.75574 4.74493 4.12713	0.01636	0.01223	0.00397
6.19441 5.7462 4.76217 4.09434	-0.0061	-0.02246	-0.03469
6.20051 5.76205 4.69135 4.18965	0.0061	0.0122	0.03466
6.19032 5.75257 4.66344 4.20469	-0.01019	-0.01629	-0.02849
6.21661 5.7462 4.7185 4.33073	0.02629	0.03648	0.05277
6.21661 5.72031 4.76217 4.36945	0	-0.02629	-0.06277
6.21261 5.71703 4.84419 4.21951	-0.004	-0.004	0.02229
6.19848 5.7462 4.84419 3.95124	-0.01413	-0.01013	-0.00613
6.19236 5.75574 4.75359 4.04305	-0.00612	0.00801	0.01814
6.19441 5.76205 4.89784 3.63759	0.00205	0.00817	0.00016
6.18621 5.77455 4.82831 3.66356	-0.0082	-0.01025	-0.01842
6.16961 5.77765 4.77912 3.58352	-0.0166	-0.0084	0.00185
6.1717 5.79301 4.82028 3.29584	0.00209	0.01869	0.02709
6.16542 5.7869 4.7362 3.58352	-0.00628	-0.00837	-0.02706
6.18621 5.79301 4.76217 3.71357	0.02079	0.02707	0.03544
6.17794 5.7589 4.89035 3.46574	-0.00827	-0.02906	-0.05613
6.17587 5.76205 4.82028 3.66356	-0.00207	0.0062	0.03526
6.17379 5.74939 4.84419 3.66356	-0.00208	-1e-05	-0.00621
6.19032 5.78383 4.75359 3.85015	0.01653	0.01861	0.01862
6.18826 5.75257 4.83628 3.82864	-0.00206	-0.01859	-0.0372
6.19236 5.77765 4.70953 4.00733	0.0041	0.00616	0.02475
6.20456 5.77455 4.78749 3.97029	0.0122	0.0081	0.00194
6.20254 5.7869 4.63473 4.17439	-0.00202	-0.01422	-0.02232
6.20254 5.75257 4.78749 4.07754	0	0.00202	0.01624
6.18826 5.72685 4.77068 4.12713	-0.01428	-0.01428	-0.0163
6.21261 5.73334 4.83628 4.15888	0.02435	0.03863	0.05291
6.18826 5.76519 4.60517 4.21951	-0.02435	-0.0487	-0.08733
6.20456 5.72031 4.89784 4.02535	0.0163	0.04065	0.08935
6.19236 5.76519 4.70048 4.09434	-0.0122	-0.0285	-0.06915
6.22851 5.73979 4.77912 4.34381	0.03615	0.04835	0.07685
6.18826 5.73657 4.69135 4.21951	-0.04025	-0.0764	-0.12475
6.19848 5.72031 4.86753 4.04305	0.01022	0.05047	0.12687
6.18826 5.75257 4.72739 4.07754	-0.01022	-0.02044	-0.07091
6.20859 5.71703 4.86753 4.14313	0.02033	0.03055	0.05099
6.19441 5.75574 4.77068 4.02535	-0.01418	-0.03451	-0.06506
6.19848 5.75574 4.70048 4.18965	0.00407	0.01825	0.05276
6.20658 5.7301 4.74493 4.29046	0.0081	0.00403	-0.01422
6.22258 5.7589 4.70953 4.33073	0.016	0.0079	0.00387
6.21261 5.7301 4.79579 4.2485	-0.00997	-0.02597	-0.03387
6.19848 5.71373 4.85203 4.11087	-0.01413	-0.00416	0.02181
6.19236 5.73334 4.7185 4.21951	-0.00612	0.00801	0.01217
6.20859 5.69373 4.78749 4.38203	0.01623	0.02235	0.01434
6.20859 5.73334 4.68213 4.38203	0	-0.01623	-0.03858
6.22059 5.69373 4.77912 4.46591	0.012	0.012	0.02823
6.22456 5.72359 4.68213 4.51086	0.00397	-0.00803	-0.02003
6.23441 5.71043 4.70953 4.57471	0.00985	0.00588	0.01391
6.22654 5.72685 4.65396 4.54329	-0.00787	-0.01772	-0.0236
6.24804 5.743 4.72739 4.52179	0.0215	0.02937	0.04709
6.23048 5.73334 4.62497 4.57471	-0.01756	-0.03906	-0.06843
6.2519 5.7462 4.74493 4.51086	0.02142	0.03898	0.07804
6.24417 5.79301 4.46591 4.60517	-0.00773	-0.02915	-0.06813
6.25767 5.73979 4.69135 4.62497	0.0135	0.02123	0.05038
6.27852 5.73657 4.64439 4.77912	0.02085	0.00735	-0.01388
6.29895 5.69709 4.82028 4.80402	0.02043	-0.00042	-0.00777
6.26149 5.66296 4.70048 4.83628	-0.03746	-0.05789	-0.05747
6.2691 5.7301 4.82028 4.56435	0.00761	0.04507	0.10296
6.24611 5.76832 4.51086 4.65396	-0.02299	-0.0306	-0.07567
6.2653 5.73334 4.70953 4.66344	0.01919	0.04218	0.07278
6.27476 5.77455 4.70953 4.58497	0.00946	-0.00973	-0.05191
6.24998 5.76519 4.54329 4.65396	-0.02478	-0.03424	-0.02451
6.25575 5.7462 4.7185 4.56435	0.00577	0.03055	0.06479
6.24804 5.73979 4.61512 4.65396	-0.00771	-0.01348	-0.04403
6.27476 5.7301 4.64439 4.77912	0.02672	0.03443	0.04791
6.28413 5.76205 4.65396 4.72739	0.00937	-0.01735	-0.05178
6.29895 5.77144 4.61512 4.80402	0.01482	0.00545	0.0228
6.29711 5.743 4.59512 4.8828	-0.00184	-0.01666	-0.02211
6.32436 5.7462 4.79579 4.82028	0.02725	0.02909	0.04575
6.30079 5.75574 4.57471 4.8828	-0.02357	-0.05082	-0.07991
6.29895 5.72031 4.63473 4.91265	-0.00184	0.02173	0.07255
6.31173 5.76205 4.58497 4.90527	0.01278	0.01462	-0.00711
6.29895 5.76832 4.55388 4.85981	-0.01278	-0.02556	-0.04018
6.33505 5.78996 4.40672 5.04343	0.0361	0.04888	0.07444
6.32257 5.77765 4.52179 4.95583	-0.01248	-0.04858	-0.09746
6.32257 5.76519 4.65396 4.89035	0	0.01248	0.06106
6.32615 5.77455 4.64439 4.89035	0.00358	0.00358	-0.0089
6.28413 5.743 4.51086 4.89035	-0.04202	-0.0456	-0.04918
6.29895 5.77144 4.47734 4.90527	0.01482	0.05684	0.10244
6.31536 5.72685 4.74493 4.8752	0.01641	0.00159	-0.05525
6.28972 5.73657 4.43082 4.97673	-0.02564	-0.04205	-0.04364
6.29157 5.71703 4.48864 4.99043	0.00185	0.02749	0.06954
6.29157 5.68698 4.55388 5.01064	0	-0.00185	-0.02934
6.31897 5.70378 4.57471 5.0626	0.0274	0.0274	0.02925
6.2804 5.73979 4.48864 4.89784	-0.03857	-0.06597	-0.09337
6.34036 5.71703 4.63473 5.07517	0.05996	0.09853	0.1645
6.24998 5.71373 4.51086 4.82028	-0.09038	-0.15034	-0.24887
6.27099 5.68358 4.70048 4.82831	0.02101	0.11139	0.26173
6.23832 5.69709 4.55388 4.77912	-0.03267	-0.05368	-0.16507
6.27664 5.70044 4.58497 4.90527	0.03832	0.07099	0.12467
6.2634 5.73979 4.58497 4.75359	-0.01324	-0.05156	-0.12255
6.24028 5.70044 4.77068 4.56435	-0.02312	-0.00988	0.04168
6.22456 5.72031 4.58497 4.62497	-0.01572	0.0074	0.01728
6.22456 5.75257 4.30407 4.75359	0	0.01572	0.00832
6.2519 5.71373 4.59512 4.76217	0.02734	0.02734	0.01162
6.25575 5.7301 4.61512 4.7185	0.00385	-0.02349	-0.05083
6.2653 5.76519 4.39445 4.83628	0.00955	0.0057	0.02919
6.2519 5.70378 4.5326 4.83628	-0.0134	-0.02295	-0.02865
6.25383 5.7462 4.48864 4.77068	0.00193	0.01533	0.03828
6.24028 5.69036 4.39445 4.91265	-0.01355	-0.01548	-0.03081
6.24222 5.63835 4.74493 4.77068	0.00194	0.01549	0.03097
6.24804 5.7301 4.30407 4.90527	0.00582	0.00388	-0.01161
6.25383 5.69709 4.46591 4.90527	0.00579	-3e-05	-0.00391
6.27288 5.70711 4.23411 5.07517	0.01905	0.01326	0.01329
6.31173 5.68358 4.40672 5.16479	0.03885	0.0198	0.00654
6.30992 5.69709 4.23411 5.20949	-0.00181	-0.04066	-0.06046
6.2804 5.63121 4.47734 5.11799	-0.02952	-0.02771	0.01295
6.29711 5.63121 4.62497 5.0876	0.01671	0.04623	0.07394
6.24804 5.63835 4.41884 5.03044	-0.04907	-0.06578	-0.11201
6.23637 5.66988 4.52179 4.85981	-0.01167	0.0374	0.10318
6.22258 5.67675 4.48864 4.81218	-0.01379	-0.00212	-0.03952
6.22654 5.60947 4.60517 4.89035	0.00396	0.01775	0.01987
6.19644 5.59471 4.49981 4.8828	-0.0301	-0.03406	-0.05181
6.20051 5.63121 4.46591 4.84419	0.00407	0.03417	0.06823
6.21661 5.65599 4.39445 4.89784	0.0161	0.01203	-0.02214
6.21461 5.70711 4.18965 4.89035	-0.002	-0.0181	-0.03013
6.22059 5.67332 4.31749 4.91998	0.00598	0.00798	0.02608
6.21261 5.63479 4.33073 4.96284	-0.00798	-0.01396	-0.02194
6.2106 5.64191 4.56435 4.78749	-0.00201	0.00597	0.01993
6.20254 5.69036 4.39445 4.76217	-0.00806	-0.00605	-0.01202
6.23832 5.63835 4.52179 4.93447	0.03578	0.04384	0.04989
6.15486 5.63121 4.59512 4.5326	-0.08346	-0.11924	-0.16308
6.1506 5.65599 4.45435 4.57471	-0.00426	0.0792	0.19844
6.17794 5.66296 4.68213 4.45435	0.02734	0.0316	-0.0476
6.13988 5.61313 4.68213 4.40672	-0.03806	-0.0654	-0.097
6.15273 5.66296 4.56435 4.45435	0.01285	0.05091	0.11631
6.10925 5.6058 4.78749 4.06044	-0.04348	-0.05633	-0.10724
6.10032 5.66988 4.65396 3.93183	-0.00893	0.03455	0.09088
6.10925 5.65249 4.59512 4.18965	0.00893	0.01786	-0.01669
6.11589 5.64897 4.65396 4.15888	0.00664	-0.00229	-0.02015
6.10032 5.60947 4.72739 4.09434	-0.01557	-0.02221	-0.01992
6.12905 5.63479 4.69135 4.2485	0.02873	0.0443	0.06651
6.12687 5.60947 4.69135 4.33073	-0.00218	-0.03091	-0.07521
6.1334 5.63479 4.47734 4.5326	0.00653	0.00871	0.03962
6.16542 5.63479 4.68213 4.47734	0.03202	0.02549	0.01678
6.16121 5.63479 4.51086 4.63473	-0.00421	-0.03623	-0.06172
6.14419 5.57973 4.76217 4.43082	-0.01702	-0.01281	0.02342
6.1334 5.64897 4.63473 4.30407	-0.01079	0.00623	0.01904
6.16542 5.65948 4.70048 4.36945	0.03202	0.04281	0.03658
6.11147 5.61677 4.65396 4.26268	-0.05395	-0.08597	-0.12878
6.12468 5.59099 4.63473 4.45435	0.01321	0.06716	0.15313
6.10925 5.62402 4.72739 4.09434	-0.01543	-0.02864	-0.0958
6.12468 5.64897 4.68213 4.17439	0.01543	0.03086	0.0595
6.13556 5.65599 4.67283 4.23411	0.01088	-0.00455	-0.03541
6.15273 5.64545 4.62497 4.44265	0.01717	0.00629	0.01084
6.15486 5.62402 4.68213 4.45435	0.00213	-0.01504	-0.02133
6.14633 5.65249 4.68213 4.30407	-0.00853	-0.01066	0.00438
6.12905 5.65948 4.70953 4.11087	-0.01728	-0.00875	0.00191
6.12468 5.66296 4.59512 4.2485	-0.00437	0.01291	0.02166
6.14419 5.67332 4.59512 4.33073	0.01951	0.02388	0.01097
6.18002 5.66988 4.63473 4.49981	0.03583	0.01632	-0.00756
6.18208 5.66643 4.61512 4.54329	0.00206	-0.03377	-0.05009
6.1506 5.62762 4.52179 4.59512	-0.03148	-0.03354	0.00023
6.18208 5.64191 4.7362 4.47734	0.03148	0.06296	0.0965
6.16961 5.63479 4.62497 4.56435	-0.01247	-0.04395	-0.10691
6.15273 5.66296 4.44265 4.57471	-0.01688	-0.00441	0.03954
6.17794 5.62402 4.74493 4.49981	0.02521	0.04209	0.0465
6.15486 5.61313 4.63473 4.54329	-0.02308	-0.04829	-0.09038
6.19441 5.62402 4.7185 4.61512	0.03955	0.06263	0.11092
6.14204 5.63835 4.59512 4.44265	-0.05237	-0.09192	-0.15455
6.14204 5.64191 4.62497 4.39445	0	0.05237	0.14429
6.13123 5.59842 4.69135 4.39445	-0.01081	-0.01081	-0.06318
6.13556 5.61677 4.70048 4.34381	0.00433	0.01514	0.02595
6.10702 5.63121 4.67283 4.14313	-0.02854	-0.03287	-0.04801
6.11147 5.63479 4.70953 4.09434	0.00445	0.03299	0.06586
6.12687 5.63121 4.66344 4.29046	0.0154	0.01095	-0.02204
6.1203 5.61677 4.72739 4.20469	-0.00657	-0.02197	-0.03292
6.12468 5.66296 4.56435 4.29046	0.00438	0.01095	0.03292
6.14847 5.6204 4.69135 4.41884	0.02379	0.01941	0.00846
6.13988 5.61677 4.65396 4.43082	-0.00859	-0.03238	-0.05179
6.1591 5.64897 4.61512 4.47734	0.01922	0.02781	0.06019
6.16961 5.61677 4.55388 4.68213	0.01051	-0.00871	-0.03652
6.17587 5.5835 4.74493 4.60517	0.00626	-0.00425	0.00446
6.13988 5.59471 4.58497 4.57471	-0.03599	-0.04225	-0.038
6.17587 5.55683 4.81218 4.59512	0.03599	0.07198	0.11423
6.16331 5.6204 4.67283 4.52179	-0.01256	-0.04855	-0.12053
6.15698 5.60212 4.62497 4.59512	-0.00633	0.00623	0.05478
6.1506 5.58725 4.83628 4.33073	-0.00638	-5e-05	-0.00628
6.16752 5.55683 4.86753 4.47734	0.01692	0.0233	0.02335
6.1334 5.59471 4.66344 4.45435	-0.03412	-0.05104	-0.07434
6.1334 5.58725 4.61512 4.5326	0	0.03412	0.08516
6.1334 5.56068 4.80402 4.36945	0	0	-0.03412
6.12687 5.53733 4.77912 4.44265	-0.00653	-0.00653	-0.00653
6.14419 5.54908 4.78749 4.48864	0.01732	0.02385	0.03038
6.1506 5.54908 4.7362 4.58497	0.00641	-0.01091	-0.03476
6.1591 5.58725 4.70048 4.56435	0.0085	0.00209	0.013
6.14633 5.54908 4.82831 4.44265	-0.01277	-0.02127	-0.02336
6.14633 5.56834 4.80402 4.41884	0	0.01277	0.03404
6.15698 5.59099 4.75359 4.47734	0.01065	0.01065	-0.00212
6.13988 5.59842 4.76217 4.34381	-0.0171	-0.02775	-0.0384
6.13556 5.53339 4.91265 4.29046	-0.00432	0.01278	0.04053
6.07535 5.60947 4.81218 3.66356	-0.06021	-0.05589	-0.06867
6.06146 5.61313 4.79579 3.52636	-0.01389	0.04632	0.10221
6.05912 5.60212 4.8752 3.2581	-0.00234	0.01155	-0.03477
6.05209 5.59099 4.84419 3.4012	-0.00703	-0.00469	-0.01624
6.05912 5.58725 4.85981 3.46574	0.00703	0.01406	0.01875
6.05209 5.59099 4.85203 3.3673	-0.00703	-0.01406	-0.02812
6.05912 5.57595 4.96284 3.04452	0.00703	0.01406	0.02812
6.05444 5.57973 4.79579 3.68888	-0.00468	-0.01171	-0.02577
6.0845 5.56068 4.98361 3.49651	0.03006	0.03474	0.04645
6.06379 5.6058 4.72739 3.80666	-0.02071	-0.05077	-0.08551
6.08222 5.54908 4.89035 3.8712	0.01843	0.03914	0.08991
6.07993 5.61313 4.7185 3.93183	-0.00229	-0.02072	-0.05986
6.10479 5.57595 4.91265 3.8712	0.02486	0.02715	0.04787
6.09131 5.5835 4.82028 3.95124	-0.01348	-0.03834	-0.06549
6.1181 5.59842 4.8828 3.95124	0.02679	0.04027	0.07861
6.08677 5.59842 4.66344 4.15888	-0.03133	-0.05812	-0.09839
6.10925 5.5835 4.84419 4.04305	0.02248	0.05381	0.11193
6.10032 5.63835 4.72739 3.95124	-0.00893	-0.03141	-0.08522
6.09357 5.61313 4.76217 3.95124	-0.00675	0.00218	0.03359
6.12249 5.61677 4.79579 4.09434	0.02892	0.03567	0.03349
6.09807 5.61313 4.85203 3.7612	-0.02442	-0.05334	-0.08901
6.10479 5.6058 4.77068 4.06044	0.00672	0.03114	0.08448
6.08677 5.6204 4.7362 3.91202	-0.01802	-0.02474	-0.05588
6.10925 5.59842 4.83628 3.98898	0.02248	0.0405	0.06524
6.07764 5.56834 4.86753 3.78419	-0.03161	-0.05409	-0.09459
6.08222 5.61313 4.76217 3.85015	0.00458	0.03619	0.09028
6.08677 5.62402 4.84419 3.58352	0.00455	-3e-05	-0.03622
6.06146 5.62762 4.68213 3.7612	-0.02531	-0.02986	-0.02983
6.07764 5.6058 4.82831 3.66356	0.01618	0.04149	0.07135
6.07304 5.63121 4.72739 3.73767	-0.0046	-0.02078	-0.06227
6.09357 5.6204 4.80402 3.80666	0.02053	0.02513	0.04591
6.09131 5.66296 4.70953 3.7612	-0.00226	-0.02279	-0.04792
6.10032 5.62402 4.85981 3.68888	0.00901	0.01127	0.03406
6.10702 5.64897 4.81218 3.73767	0.0067	-0.00231	-0.01358
6.08222 5.67332 4.74493 3.46574	-0.0248	-0.0315	-0.02919
6.0845 5.66296 4.79579 3.4012	0.00228	0.02708	0.05858
6.07764 5.65948 4.80402 3.29584	-0.00686	-0.00914	-0.03622
6.07993 5.65948 4.79579 3.3673	0.00229	0.00915	0.01829
6.07535 5.65599 4.81218 3.2581	-0.00458	-0.00687	-0.01602
6.07764 5.65948 4.77912 3.4012	0.00229	0.00687	0.01374
6.07535 5.66296 4.77912 3.3322	-0.00229	-0.00458	-0.01145
6.07304 5.64545 4.82028 3.29584	-0.00231	-2e-05	0.00456
6.07993 5.66643 4.80402 3.2581	0.00689	0.0092	0.00922
6.07535 5.67332 4.77068 3.2581	-0.00458	-0.01147	-0.02067
6.07074 5.65249 4.76217 3.43399	-0.00461	-3e-05	0.01144
6.07535 5.66988 4.75359 3.3673	0.00461	0.00922	0.00925
6.06843 5.64897 4.78749 3.3322	-0.00692	-0.01153	-0.02075
6.07304 5.63479 4.80402 3.46574	0.00461	0.01153	0.02306
6.08222 5.65599 4.79579 3.43399	0.00918	0.00457	-0.00696
6.07764 5.64545 4.79579 3.46574	-0.00458	-0.01376	-0.01833
6.07993 5.65599 4.82028 3.29584	0.00229	0.00687	0.02063
6.09131 5.65599 4.81218 3.49651	0.01138	0.00909	0.00222
6.06379 5.64545 4.83628 3.04452	-0.02752	-0.0389	-0.04799
6.06146 5.66643 4.74493 3.21888	-0.00233	0.02519	0.06409
6.06611 5.64191 4.81218 3.2581	0.00465	0.00698	-0.01821
6.07304 5.66643 4.75359 3.3673	0.00693	0.00228	-0.0047
6.09357 5.65249 4.86753 3.3322	0.02053	0.0136	0.01132
6.06611 5.65249 4.82831 3.04452	-0.02746	-0.04799	-0.06159
6.06146 5.64897 4.78749 3.21888	-0.00465	0.02281	0.0708
6.04973 5.63479 4.84419 2.83321	-0.01173	-0.00708	-0.02989
6.04025 5.65249 4.85203 1.94591	-0.00948	0.00225	0.00933
6.03787 5.65249 4.81218 2.3979	-0.00238	0.0071	0.00485
6.03309 5.64191 4.85203 1.94591	-0.00478	-0.0024	-0.0095
6.03069 5.64191 4.83628 2.07944	-0.0024	0.00238	0.00478
6.02587 5.64191 4.85203 1.38629	-0.00482	-0.00242	-0.0048
6.02587 5.64191 4.83628 1.79176	0	0.00482	0.00724
6.02587 5.64191 4.85203 1.38629	0	0	-0.00482
6.02587 5.64191 4.83628 1.79176	0	0	0
6.02587 5.64191 4.85203 1.38629	0	0	0
6.02587 5.64191 4.83628 1.79176	0	0	0
6.02587 5.64191 4.85203 1.38629	0	0	0
6.02587 5.64191 4.83628 1.79176	0	0	0
6.02587 5.64191 4.85203 1.38629	0	0	0
6.02587 5.64191 4.83628 1.79176	0	0	0
6.02587 5.64191 4.85203 1.38629	0	0	0
6.02587 5.64191 4.83628 1.79176	0	0	0
6.02587 5.64191 4.85203 1.38629	0	0	0
6.02587 5.64191 4.83628 1.79176	0	0	0
6.02587 5.64191 4.85203 1.38629	0	0	0
6.02587 5.64191 4.83628 1.79176	0	0	0
6.02587 5.64191 4.85203 1.38629	0	0	0
6.02587 5.64191 4.83628 1.79176	0	0	0
6.02587 5.64191 4.85203 1.38629	0	0	0
6.02587 5.64191 4.83628 1.79176	0	0	0
6.02587 5.64191 4.85203 1.38629	0	0	0
6.02587 5.64191 4.83628 1.79176	0	0	0
6.02587 5.64191 4.84419 1.60944	0	0	0
6.02587 5.63835 4.78749 2.56495	0	0	0
6.02828 5.62402 4.84419 2.3979	0.00241	0.00241	0.00241
6.02828 5.64191 4.79579 2.48491	0	-0.00241	-0.00482
6.03069 5.63835 4.81218 2.48491	0.00241	0.00241	0.00482
6.02828 5.62762 4.83628 2.3979	-0.00241	-0.00482	-0.00723
6.03069 5.63479 4.84419 2.19722	0.00241	0.00482	0.00964
6.02102 5.63121 4.85203 1.60944	-0.00967	-0.01208	-0.0169
6.01372 5.63121 4.85203 0.693147	-0.0073	0.00237	0.01445
6.01372 5.63835 4.85203 0	0	0.0073	0.00493
6.01372 5.63835 4.85203 0	0	0	-0.0073
6.01372 5.63835 4.85203 0	0	0	0
6.01372 5.63835 4.85203 0	0	0	0
6.01372 5.63835 4.85203 0	0	0	0
6.01372 5.63835 4.85203 0	0	0	0
6.01372 5.63835 4.85203 0	0	0	0
6.01372 5.63835 4.85203 0	0	0	0
6.01372 5.63835 4.85203 0	0	0	0
6.01372 5.63835 4.85203 0	0	0	0
6.01372 5.63835 4.85203 0	0	0	0
6.01372 5.63835 4.85203 0	0	0	0
6.01372 5.63835 4.85203 0	0	0	0
6.01372 5.63835 4.85203 0	0	0	0
6.01372 6.01372 0 0	0	0	0
