25
19
18
32
30
43
46
40
52
62
47
75
39
44
40
31
49
31
38
42
34
24
35
27
20
27
39
40
48
52
44
24
18
35
31
41
47
41
48
47
37
41
102
36
40
47
42
54
61
49
31
27
35
32
40
213
221
18
14
15
12
9
12
18

111
15
21
16
21
27
23
34
33
36
37
21
35
39
45
42
65
54
31
39
45
32
34
13
12
19
27
31
33
54
44
24
23
30
39
45
45
110
98
43
48
116
183
108
42
54
41
42
42
65
41
30
30
33
36
215
220
19
15
17
13
7
20
101

108
24
14
22
34
78
82
38
23
24
23
23
16
41
41
34
40
32
34
24
28
31
23
7
9
23
34
36
37
47
35
33
147
153
43
44
47
103
85
26
42
46
110
54
38
33
41
50
55
48
224
220
42
31
40
36
29
9
9
12
4
24
29
105

11
14
19
25
27
81
76
21
19
29
32
33
33
26
34
34
31
26
24
33
30
20
18
15
11
35
38
53
40
51
39
152
17
158
43
43
60
59
51
33
38
36
37
36
42
39
38
42
40
250
57
42
216
41
29
23
23
6
4
3
8
26
25
10

14
21
29
17
27
19
18
21
20
24
26
29
21
25
29
33
25
27
35
32
26
23
28
23
28
49
47
90
102
62
37
29
160
25
32
32
45
55
35
28
33
42
30
34
36
33
44
38
48
251
61
51
218
40
30
23
17
19
11
7
8
9
19
14

19
26
23
20
15
23
22
16
19
35
24
25
23
9
17
17
18
24
21
30
22
13
16
21
30
45
52
86
88
47
44
22
25
32
19
39
188
172
24
22
33
56
33
31
31
41
29
54
61
51
239
231
45
39
42
23
33
19
19
23
14
9
14
14

18
20
26
26
16
13
13
16
21
23
24
23
20
19
23
18
16
18
12
21
17
17
18
27
37
34
52
49
41
43
19
18
20
19
27
182
50
179
16
19
41
52
25
26
30
30
52
58
80
73
51
65
52
51
50
49
40
46
40
35
13
10
13
17

23
25
17
22
21
15
7
8
10
18
17
33
36
24
13
14
25
22
15
12
8
11
14
11
31
29
38
32
35
26
21
22
16
17
19
24
182
24
28
29
13
33
15
10
25
38
48
70
92
71
66
49
58
61
49
49
35
30
39
248
257
26
18
15

23
20
10
10
7
10
6
9
5
10
18
11
18
13
15
9
29
31
14
13
4
7
7
9
15
23
27
29
30
18
19
17
25
23
14
20
20
18
21
35
38
20
15
29
45
53
54
56
69
76
73
59
59
56
44
39
36
26
50
268
256
29
17
10

13
15
11
11
7
15
6
8
10
12
18
13
8
12
4
18
17
26
11
11
9
13
9
10
11
17
23
32
34
34
13
10
13
16
22
17
18
16
18
34
33
24
28
56
63
77
58
53
61
40
109
92
49
48
41
29
32
22
34
39
36
18
20
16

10
12
13
19
17
23
14
5
2
8
8
6
6
10
19
22
20
23
15
4
5
10
13
9
12
7
17
34
39
34
23
11
10
9
7
14
15
15
20
21
22
34
41
57
81
51
58
57
58
85
53
90
45
50
32
25
16
27
25
28
25
25
21
12

14
21
21
20
26
21
28
21
3
2
5
5
13
15
25
23
28
18
18
15
13
7
12
17
17
14
19
19
34
27
28
22
18
25
23
13
10
16
20
31
43
45
41
34
52
40
59
67
66
51
79
36
30
28
25
19
21
21
35
24
35
34
14
12

31
34
38
31
17
26
29
27
10
3
3
4
9
28
42
41
34
35
31
13
11
13
17
21
29
34
19
26
26
23
29
29
64
59
28
17
10
10
22
28
47
40
35
38
41
28
58
85
69
69
37
37
18
19
23
21
31
39
53
63
27
29
35
21

40
31
29
34
31
24
31
25
7
6
1
1
9
14
32
40
38
32
33
19
23
21
22
28
36
31
19
17
18
24
89
78
65
66
21
15
12
4
10
21
27
28
31
34
34
26
24
51
30
32
36
31
25
15
17
23
52
56
68
77
50
39
42
43

54
39
43
21
24
31
22
10
11
3
2
6
12
10
36
47
40
38
40
34
22
22
26
34
21
23
18
24
22
20
82
88
31
23
13
19
10
14
17
24
25
35
27
26
32
31
25
11
20
36
47
46
37
36
36
27
45
47
44
42
66
36
54
50

46
47
32
22
28
29
18
5
5
3
7
14
15
22
30
40
58
48
60
38
30
29
22
27
27
19
19
20
17
10
26
37
23
26
15
20
17
17
20
14
17
16
18
13
16
12
13
13
33
67
74
312
319
47
56
57
47
47
47
54
56
56
50
54

46
41
34
26
21
19
14
11
14
17
19
26
36
29
38
58
52
77
66
57
55
62
46
36
36
31
19
24
24
11
21
21
12
11
10
6
10
11
7
14
7
10
8
8
6
4
8
13
14
44
310
34
311
50
41
51
43
44
41
49
54
37
54
67

51
45
22
16
13
14
14
18
26
22
33
26
42
38
36
47
60
53
69
190
181
89
82
38
44
31
17
40
33
16
8
22
16
8
22
18
7
13
17
6
3
3
6
3
0
1
10
10
10
27
291
300
33
40
48
38
53
58
40
41
65
42
57
51

45
35
29
11
13
18
23
32
35
28
26
34
164
155
61
64
62
71
188
55
60
208
60
84
50
29
25
12
15
12
13
20
21
23
20
20
12
9
6
5
5
5
2
0
1
0
4
8
7
21
13
75
73
22
38
51
50
47
44
43
57
43
151
62

57
53
64
23
22
23
33
30
189
192
42
45
163
154
56
58
77
81
66
179
183
62
77
50
43
19
22
19
20
19
18
21
22
23
23
19
22
8
0
4
6
11
3
1
1
2
1
7
6
10
77
33
19
235
36
33
32
36
42
43
69
159
249
154

80
50
43
59
39
32
34
33
176
189
35
44
41
50
73
68
90
90
64
65
67
76
58
33
30
21
17
23
11
12
24
23
21
13
20
19
22
7
3
4
14
16
5
5
1
2
2
3
7
9
8
71
238
361
183
38
24
29
41
55
67
59
148
61

86
54
67
46
42
37
40
32
24
32
38
37
28
52
67
54
59
208
77
79
79
60
45
35
25
27
39
25
16
20
14
16
18
20
25
18
11
13
5
22
25
32
186
8
5
0
2
5
11
5
11
11
14
182
29
17
18
29
24
38
49
59
69
62

57
64
38
52
46
38
29
29
40
25
35
43
35
36
46
48
181
59
188
48
46
37
51
51
24
30
29
28
17
22
14
21
25
20
15
14
9
7
10
19
30
192
339
163
3
1
4
16
20
11
13
11
7
23
25
21
11
13
41
38
46
49
59
82

47
49
36
41
36
27
32
34
40
36
53
45
48
46
61
50
28
173
58
46
40
43
39
50
22
28
27
14
17
13
16
314
304
16
12
8
4
6
7
13
104
115
169
10
8
9
9
8
16
10
17
9
13
16
15
13
18
17
14
29
38
50
54
58

47
55
28
34
36
39
34
38
45
44
47
52
61
56
51
34
35
39
49
53
55
58
51
24
30
21
26
19
11
8
28
333
313
16
10
7
3
6
11
108
19
23
111
9
9
9
16
18
16
12
11
14
8
9
11
7
10
9
15
23
41
47
55
65

45
48
45
30
23
30
39
38
46
70
57
59
65
54
53
35
38
40
42
35
54
51
45
41
38
33
26
18
10
4
12
30
18
15
7
2
3
16
20
13
121
118
13
16
8
9
21
20
19
26
14
9
10
17
8
8
13
15
19
18
16
32
36
33

35
29
33
32
31
167
181
55
42
76
76
76
63
37
41
30
50
62
41
40
44
45
79
76
30
39
15
8
14
9
12
12
12
9
0
3
5
15
28
25
68
70
29
21
9
14
16
22
26
17
16
10
8
15
8
9
14
11
13
11
16
16
27
29

39
44
39
31
28
168
164
34
38
50
65
58
34
39
28
49
73
47
63
35
38
37
66
63
36
34
19
9
12
23
21
15
14
4
3
3
11
21
28
31
72
84
35
20
20
19
25
25
19
13
13
16
12
16
11
4
12
10
11
18
15
55
23
31

25
47
28
26
22
17
26
31
35
36
37
42
35
28
29
27
60
48
58
37
31
49
71
34
31
23
15
10
11
30
32
20
9
7
3
5
27
37
41
36
33
23
41
33
27
15
16
14
8
4
11
16
15
15
11
6
8
5
11
14
44
90
53
31

22
25
29
31
32
36
24
41
45
33
32
23
25
35
37
23
35
74
49
48
27
58
46
39
32
30
26
20
15
36
38
6
10
8
5
16
33
56
55
47
47
43
47
45
27
12
11
2
4
6
8
12
8
6
5
3
2
7
6
12
17
51
14
15

27
19
15
33
33
26
33
21
25
33
33
33
50
49
44
45
51
64
61
45
32
40
44
30
21
23
25
18
17
8
5
4
11
10
16
29
32
45
52
42
47
33
46
28
21
9
4
9
16
15
12
11
5
5
2
3
1
4
6
9
11
10
16
14

46
29
17
30
35
33
98
111
28
45
46
45
40
54
80
61
63
54
56
52
48
54
54
37
24
21
24
21
15
12
2
3
11
9
95
110
26
48
41
48
58
37
32
37
19
10
2
13
22
21
20
17
8
5
2
9
7
3
3
10
12
12
12
22

32
21
14
12
20
99
22
31
115
36
53
41
40
49
67
67
77
76
69
52
54
61
58
43
33
23
22
19
11
8
6
5
11
20
105
101
34
33
44
44
44
49
34
31
19
8
3
7
15
22
19
8
15
10
10
5
2
1
3
6
103
12
8
15

16
23
12
15
13
19
112
30
106
45
58
44
40
55
55
71
74
72
79
72
60
70
41
42
36
47
51
64
44
39
12
13
14
22
31
27
43
47
43
45
53
32
35
41
22
19
9
9
14
15
10
23
16
13
14
4
1
1
2
96
189
114
14
18

22
15
15
92
36
38
31
126
50
118
123
41
43
57
62
58
55
79
88
85
68
68
62
49
59
62
73
42
93
63
25
15
32
31
34
26
35
40
59
63
58
47
48
51
23
17
14
11
14
13
12
18
7
15
13
5
1
1
1
0
97
24
19
19

37
18
89
10
113
49
39
45
133
63
58
121
58
60
62
85
66
95
85
75
57
49
64
55
63
65
48
78
64
48
31
31
41
43
60
70
42
42
50
58
57
49
48
41
22
20
9
11
8
12
12
11
12
15
8
7
2
0
1
3
6
14
23
26

39
27
99
15
17
104
46
42
73
145
67
141
52
73
54
76
83
89
85
65
49
57
55
60
60
60
56
48
42
40
28
32
44
58
69
83
68
46
44
62
68
37
32
37
43
27
88
16
18
33
19
11
9
12
8
4
2
0
1
5
12
19
32
40

53
35
21
98
101
40
122
52
67
74
139
52
56
55
59
63
75
94
69
69
53
63
62
65
43
60
64
78
55
42
25
30
39
45
48
62
83
84
47
52
55
40
42
27
38
114
165
99
21
11
24
13
6
7
4
2
2
1
10
13
14
25
34
42

35
35
27
25
23
112
52
129
53
74
67
49
55
72
69
70
81
76
72
60
56
71
68
64
64
72
69
79
47
36
26
23
29
47
33
52
91
89
68
51
48
41
28
39
39
24
101
23
23
18
17
9
14
11
3
1
4
6
13
19
122
24
31
64

44
36
118
117
43
125
36
49
127
63
45
52
55
68
72
63
82
87
59
53
55
54
67
68
58
98
71
50
35
22
17
22
31
46
67
53
62
65
70
59
61
49
32
29
35
32
30
29
32
83
16
16
13
17
9
3
4
8
11
121
232
137
28
40

48
135
32
43
139
29
121
123
49
37
30
40
50
57
44
74
80
71
63
56
57
65
67
86
146
138
90
50
25
17
9
22
39
70
57
56
77
75
87
60
53
55
39
37
34
45
24
42
110
165
90
12
22
17
10
0
3
9
17
22
139
36
40
46

37
122
36
142
56
50
51
47
34
37
31
31
36
46
64
68
73
73
73
58
65
64
64
79
136
143
53
52
21
20
23
34
33
76
66
50
82
78
88
77
71
41
43
42
39
40
29
37
25
107
14
19
10
10
4
4
1
3
11
17
21
38
46
57

26
34
132
40
35
37
53
35
31
22
24
23
28
31
41
69
95
78
53
72
53
43
66
49
100
112
45
41
31
26
37
44
159
54
38
39
61
90
78
60
50
51
47
32
36
35
103
16
27
36
18
20
11
11
6
8
0
0
4
13
19
38
50
34

35
33
37
56
57
58
63
52
34
15
12
34
31
27
45
77
67
83
75
71
60
68
139
142
62
72
50
53
45
29
45
151
63
171
42
52
53
87
59
43
43
49
43
30
23
89
160
86
23
20
13
9
12
9
10
5
6
0
2
19
24
17
38
36

39
48
43
64
49
54
67
119
113
33
53
18
28
48
41
71
78
97
84
77
79
72
143
150
63
68
58
52
59
41
39
170
172
62
58
40
44
44
36
39
38
53
60
34
30
27
85
26
24
22
10
6
10
11
7
7
4
8
9
14
18
27
23
34

26
32
36
57
63
52
120
46
39
109
43
53
40
41
50
59
79
71
106
97
82
76
64
63
68
56
51
55
57
32
38
42
46
58
40
40
54
45
27
34
39
69
107
63
27
29
28
19
25
22
20
24
16
13
6
6
7
8
12
13
23
20
18
33

37
43
37
35
44
52
57
111
107
39
15
17
43
44
53
41
57
66
67
99
120
88
97
64
46
54
61
64
67
58
31
35
43
33
39
33
40
44
33
36
31
49
71
47
28
27
23
19
21
26
30
18
29
13
4
3
7
13
20
14
21
13
25
25

42
36
37
39
46
46
52
32
31
20
28
36
27
42
53
59
55
53
78
151
149
98
62
50
47
63
64
65
100
68
54
54
41
48
24
29
36
33
34
123
97
50
50
52
31
58
28
26
34
41
46
17
32
15
5
6
11
17
12
19
13
17
24
28

28
48
52
40
44
41
36
26
22
23
29
22
34
44
46
63
56
46
124
65
73
131
52
50
51
51
60
61
85
70
76
47
29
32
34
41
37
55
116
109
81
98
56
43
77
95
72
33
37
33
25
41
28
17
9
14
12
13
19
10
15
25
29
31

25
31
43
54
33
39
42
75
30
27
33
26
38
51
61
71
53
44
34
109
115
57
50
51
47
60
53
69
84
70
53
54
49
50
43
38
52
69
53
117
44
92
52
45
34
51
39
35
22
34
36
51
41
32
25
29
23
17
21
19
15
9
16
24

19
20
38
46
46
49
111
61
83
44
59
49
48
86
90
72
72
54
37
46
46
93
87
53
72
65
79
76
61
76
54
44
70
25
35
26
37
43
31
39
84
39
79
26
49
39
49
44
44
38
57
50
69
62
44
40
34
42
21
21
9
13
21
23

28
35
37
41
37
59
91
63
57
101
63
59
82
66
66
87
55
68
42
36
55
106
93
81
77
70
58
71
88
62
51
67
32
62
29
32
21
23
18
30
50
69
87
69
47
43
55
52
41
47
60
66
68
54
53
47
56
39
43
13
23
31
32
143

130
32
51
55
44
67
74
99
107
72
76
68
37
76
82
54
41
57
46
55
61
56
67
61
70
61
61
65
48
65
77
43
24
57
28
30
28
28
26
22
26
39
66
50
58
70
53
54
50
52
59
51
52
48
52
48
54
41
31
27
30
31
149
41

35
32
45
63
64
54
55
67
78
75
63
61
58
54
46
55
40
33
56
63
56
55
60
60
69
59
59
63
58
51
38
67
54
29
38
32
35
34
44
33
35
52
44
52
63
52
91
58
74
69
63
47
45
55
55
45
51
42
30
27
26
33
148
140

30
32
40
44
55
64
73
61
66
72
84
66
66
42
50
44
36
36
48
72
52
45
60
52
55
49
54
67
60
40
51
27
31
19
33
35
35
44
43
49
50
48
63
64
73
104
148
99
70
78
59
60
42
36
30
37
44
30
23
35
32
27
35
41

41
40
36
54
56
63
67
63
74
87
84
78
60
50
52
39
50
37
48
43
46
60
70
58
49
40
38
55
78
53
46
40
32
22
21
26
35
42
37
60
55
60
57
66
75
65
90
80
67
63
55
50
34
28
27
33
25
17
15
21
19
43
24
35

29
150
164
56
64
53
67
61
76
92
79
90
72
53
36
38
43
61
64
60
50
65
60
53
67
54
37
71
70
70
65
47
36
34
27
132
147
38
41
53
51
52
68
67
79
76
71
50
55
67
61
51
56
43
36
26
26
12
6
8
24
16
40
38

151
59
66
179
55
58
53
62
76
74
104
135
101
57
58
36
38
43
45
61
47
55
48
52
68
70
66
54
69
68
45
44
37
30
48
105
116
56
45
35
40
68
76
87
103
75
76
63
51
57
57
69
62
46
42
24
19
28
11
14
22
29
36
24

31
152
54
171
43
57
50
59
73
65
70
118
81
55
33
49
32
46
46
33
34
46
53
67
90
101
83
71
64
60
55
44
32
25
29
44
59
31
43
39
23
63
66
82
97
80
83
55
57
45
50
43
66
256
28
30
21
30
21
16
22
22
28
31

30
29
161
49
43
55
50
50
89
79
66
76
52
48
46
39
35
31
37
32
25
29
52
74
94
78
61
55
52
39
51
48
30
22
21
29
41
34
26
29
36
43
66
80
85
55
46
45
49
58
47
46
238
58
244
21
21
27
16
18
14
11
22
18

29
41
49
59
59
43
64
87
118
113
68
53
58
61
52
41
42
33
25
33
19
36
52
61
68
76
69
67
67
59
50
32
39
31
39
32
34
32
22
23
26
47
201
211
58
61
37
43
52
50
37
46
243
55
238
32
28
27
13
20
14
11
20
27

26
53
43
75
63
57
49
58
86
66
56
52
54
52
58
31
36
40
29
30
24
35
38
52
54
47
64
54
60
57
58
35
34
37
36
29
39
20
20
18
19
30
183
191
36
39
45
48
57
45
45
59
59
253
36
31
22
17
25
27
21
24
19
17

33
26
40
42
43
40
41
41
52
46
43
75
47
71
53
45
38
36
45
46
30
23
33
45
47
46
75
53
58
47
62
50
31
50
41
35
45
32
32
29
25
23
36
30
35
38
59
48
46
33
55
65
68
47
38
21
23
18
20
28
29
22
15
16

6
19
18
32
49
55
41
43
59
54
70
113
72
50
43
37
35
41
40
38
26
23
27
43
25
37
64
53
41
52
45
49
32
30
43
33
35
35
31
22
24
35
27
29
35
49
54
49
60
48
43
46
50
41
33
38
32
19
18
21
20
10
11
22

