8280 8099
5334 5626
9938 9871
13513 9158
9873 7421
10189 9573
12216 8145
14402 8578
11372 7969
10642 8541
12438 7962
14406 8567
11482 7885
10670 8465
12485 7963
14412 8519
11509 7878
10706 8437
12500 7902
14414 8502
11508 7875
10712 8444
12507 7910
14418 8496
11510 7856
10713 8441
12508 7910
14419 8497
11511 7860
10714 8438
12508 7904
14419 8496
11510 7865
10714 8443
12508 7903
14420 8493
11510 7857
10714 8440
12508 7912
14420 8499
11510 7858
10714 8439
12508 7901
14420 8495
11510 7864
10714 8442
12508 7907
14420 8495
11510 7856
10714 8441
12508 7908
14420 8497
11510 7859
10714 8438
12508 7905
14420 8497
11510 7863
10714 8443
12508 7903
14420 8493
11510 7857
10714 8440
12508 7912
14420 8499
11510 7858
10714 8439
12508 7901
14420 8495
11510 7864
10714 8442
12508 7907
14420 8495
11510 7856
10714 8441
12508 7908
14420 8497
11510 7859
10714 8438
12508 7905
14420 8497
11510 7863
10714 8443
12508 7903
14420 8493
11510 7857
10714 8440
12508 7912
14420 8499
11510 7858
10714 8439
12508 7901
14420 8495
11510 7864
10714 8442
12508 7907
14420 8495
11510 7856
10714 8441
12508 7908
14420 8497
