8280 8099
2940 8285
4535 14918
5677 7240
5160 9144
5061 13708
4298 8425
5110 10171
6181 11769
5281 9037
5622 10107
5692 11620
5843 9732
6616 9185
6232 11720
6398 9741
6580 9292
6839 11746
7073 9239
6842 9709
7105 11422
6969 9335
7215 9976
7535 10917
7431 9513
7574 9929
7588 10772
7608 9728
7875 9765
7899 10686
7910 9752
8033 9775
8045 10671
8095 9682
8182 9869
8196 10525
8152 9717
8207 9965
8285 10388
8292 9819
8410 9866
8377 10362
8356 9769
8342 9986
8454 10282
8489 9806
8546 9976
8616 10157
8506 9872
8492 9991
8510 10149
8500 9915
8636 9907
8531 10233
8575 9826
8569 9912
8542 10278
8608 9836
8676 9894
8611 10181
8598 9931
8656 9889
8740 10164
8782 9893
8759 9863
8663 10173
8641 9925
8680 9924
8827 10110
8859 9853
8795 9927
8665 10166
8667 9876
8615 9979
8685 10154
8804 9808
8816 10008
8846 10013
8774 9923
8819 9998
8918 9955
8887 9991
8947 9892
8796 10057
8764 9962
8854 9907
8832 10094
8909 9835
8876 9997
8924 10024
8786 9858
8832 10082
8870 9915
8833 9988
8990 9934
8921 9941
8992 10007
8999 9860
8994 10062
8966 9895
8960 9938
8955 10057
9028 9902
8914 9928
8870 9974
8770 10035
8937 9957
9012 9914
8942 9996
8862 9885
8838 10061
8952 9988
9073 9866
9078 9931
8961 10004
8860 9960
8816 10021
8889 9925
8966 9935
8944 9975
8877 9953
8921 10004
8912 9887
8899 10037
8949 9914
8954 9917
8860 10064
8984 9895
8973 9958
8929 10001
8995 9876
9022 10030
9075 9902
9023 9979
9009 9962
8908 9882
8931 10128
9056 9798
8978 10009
9009 9986
8933 9863
8999 10089
9107 9864
8989 9931
8847 10001
8782 9975
8858 10024
9033 9923
9066 9866
8965 10006
8897 9974
8926 9976
9002 9936
8997 9978
9085 9929
9035 9938
9018 10027
9039 9892
8993 9975
8950 9990
8923 9935
9044 10013
9084 9874
8940 9949
8895 10001
8881 9968
9030 9964
9096 9923
9041 9898
8992 10029
8938 9958
8977 9993
9159 9866
9116 9987
9110 9960
8965 9897
8848 9987
8779 10037
8931 9957
9065 9901
9080 9997
8962 9823
8718 10091
8842 10065
8929 9815
9036 10051
9043 9843
8883 10028
8946 9994
8942 9910
9022 10001
8965 9868
8835 10024
8864 9994
8881 9920
8979 10022
9041 9848
8848 10030
8913 9975
8880 9949
