2077
2117
2169
2168
2226
2254
2270
2320
2326
2332
2349
2349
2351
2373
2364
2382
2370
2380
2391
2391
2388
2406
2413
2432
2416
2453
2466
2454
2468
2477
2467
2478
2483
2481
2491
2484
2494
2500
2518
2521
2544
2533
2537
2556
2550
2560
2557
2560
2565
2571
2559
2573
2565
2562
2571
2557
2559
2561
2578
2588
2580
2576
2586
2590
2600
2596
2611
2612
2602
2618
2622
2616
2622
2621
2625
2627
2623
2616
2625
2629
2630
2640
2653
2648
2648
2651
2662
2666
2674
2677
2673
2671
2681
2663
2673
2677
2669
2679
2674
2666
2668
2668
2686
2688
2698
2700
2690
2698
2702
2696
2698
2696
2690
2696
2700
2700
2695
2697
2701
2695
2699
2701
2714
2693
2711
2697
2694
2704
2712
2716
2698
2708
2704
2712
2710
2706
2700
2701
2693
2689
2713
2705
2717
2707
2703
2713
2715
2719
2731
2719
2721
2727
2733
2731
2715
2727
2727
2742
2742
2742
2746
2738
2742
2730
2746
2740
2740
2735
2743
2733
2737
2737
2733
2735
2740
2736
2750
2742
2740
2734
2754
2748
2746
2744
2742
2742
2748
2742
2743
2741
2747
2750
2742
2740
2738
2738
2738
2738
2742
2740
2736
2744
2739
2751
2747
2760
2754
2740
2748
2738
2735
2740
2734
2736
2736
2730
2736
2722
2732
2726
2736
2724
2718
2724
2726
2714
2726
2714
2722
2720
2716
2714
2718
2725
2741
2741
2745
2747
2742
2744
2742
2726
2730
2726
2732
2726
2728
2718
2722
2724
2724
2736
2734
2744
2740
2736
2734
2742
2754
2746
2754
2742
2750
2748
2746
2746
2742
2746
2738
2744
2742
2726
2732
2740
2740
2744
2752
2752
2754
2744
2752
2746
2736
2730
2720
2728
2726
2730
2728
2736
2738
2738
2736
2736
2736
2734
2736
2738
2738
2730
2726
2722
2728
2726
2734
2730
2726
2726
2718
2726
2734
2732
2736
2732
2738
2740
2736
2742
2738
2742
2744
2748
2742
2746
2746
2744
2748
2744
2754
2748
2744
2744
2754
2752
2758
2758
2762
2758
2758
2762
2742
2754
2758
2752
2756
2748
2746
2750
2760
2752
2758
2758
2762
2770
2764
2768
2768
2766
2766
2770
2766
2780
2764
2764
2768
2758
2760
2770
2758
2766
2776
2778
2764
2770
2768
2762
2766
2758
2762
2760
2756
2758
2770
2764
2760
2770
2758
2770
2770
2770
2762
2770
2773
2761
2767
2755
2763
2759
2759
2757
