1668
1298
955
716
520
456
396
352
312
285
294
242
250
231
218
226
230
217
206
233
206
207
191
208
191
185
186
168
161
178
169
181
164
160
167
158
158
152
151
149
155
144
151
142
146
161
151
143
140
130
142
144
149
161
136
136
136
137
120
126
136
142
120
128
128
137
133
124
124
118
136
108
123
130
138
138
119
115
132
123
110
123
115
118
101
115
108
98
103
112
86
110
108
100
104
106
106
103
88
86
96
104
98
114
102
106
96
102
104
94
98
106
92
116
104
89
94
98
88
98
112
87
97
92
86
111
102
102
84
94
100
106
92
84
94
100
99
90
102
98
94
94
108
98
92
84
82
94
100
104
98
102
92
102
92
94
87
86
88
90
90
90
96
98
96
84
83
92
88
84
84
82
88
81
72
100
90
84
92
76
86
84
76
82
92
82
110
87
90
86
91
76
74
86
84
82
76
86
82
96
76
83
80
88
79
74
80
86
84
89
81
76
78
76
70
84
82
78
82
88
82
94
80
70
84
84
88
84
72
94
82
76
83
80
78
88
76
61
80
76
76
74
72
70
76
74
82
68
66
68
86
76
86
66
70
68
68
62
78
82
72
72
72
76
78
80
66
80
76
68
74
68
78
84
80
78
70
60
72
64
64
66
62
84
84
66
66
82
64
66
66
72
72
72
60
72
62
68
70
62
78
70
68
68
64
72
60
68
70
74
66
66
64
64
78
74
76
74
70
78
54
64
66
62
62
72
70
76
56
74
72
60
78
70
74
62
70
78
70
72
68
72
68
66
66
66
76
76
74
72
72
76
56
70
70
70
62
80
70
70
58
64
66
66
64
70
70
60
62
70
72
56
66
70
72
78
60
72
76
74
78
68
64
76
60
68
68
66
64
72
78
69
62
62
64
60
70
62
68
0
