1580
1225
951
692
562
506
430
356
331
303
270
258
279
241
254
274
237
233
215
223
219
206
185
195
214
201
204
195
181
183
204
195
190
165
183
188
186
169
170
170
163
183
165
156
169
148
162
151
146
162
152
153
154
139
124
128
135
161
148
144
142
128
148
142
133
138
137
136
138
136
140
143
121
122
122
141
128
139
129
135
143
132
125
137
120
133
122
123
111
112
118
116
106
120
104
118
103
111
114
98
110
116
122
112
106
98
118
116
98
120
96
100
108
116
101
103
104
106
104
104
111
110
95
94
103
97
100
94
118
104
106
102
108
100
114
99
97
116
102
104
98
108
94
108
98
96
94
86
92
88
92
106
96
102
100
99
93
98
100
100
90
102
92
106
98
97
97
88
92
88
98
94
91
95
86
92
86
94
94
84
92
88
82
104
78
88
89
83
80
85
97
100
90
92
80
96
94
96
94
92
87
81
80
91
87
94
84
86
79
86
89
92
78
80
80
80
78
84
86
80
84
74
86
80
68
92
96
82
86
86
96
77
87
94
76
82
73
81
72
76
76
84
82
84
74
86
78
62
82
76
76
78
72
78
78
76
82
80
72
68
80
74
80
84
84
76
78
76
74
86
72
82
76
84
78
74
76
80
62
64
92
72
86
84
78
84
64
82
82
84
84
64
74
72
64
78
80
68
76
72
86
90
66
76
76
70
78
80
66
70
62
80
64
86
82
78
68
74
74
78
76
74
70
56
66
72
66
70
70
72
76
74
70
80
62
78
72
60
76
66
78
70
66
80
70
82
86
84
74
68
74
82
78
80
74
68
72
70
74
68
72
66
72
70
66
80
64
80
72
62
70
74
72
70
64
64
72
72
80
78
70
68
68
78
68
76
68
62
76
70
71
73
68
68
66
66
68
70
0
0
