0          1          1          
1          0.990066   0.999502   
2          0.980328   0.998022   
3          0.970876   0.995587   
4          0.9618     0.992238   
5          0.953164   0.988023   
6          0.945042   0.982999   
7          0.937495   0.977233   
8          0.930574   0.970798   
9          0.924329   0.963776   
10         0.918795   0.956241   
11         0.914003   0.948276   
12         0.910009   0.939829   
13         0.906765   0.931249   
14         0.904314   0.922487   
15         0.902664   0.913622   
16         0.901815   0.904732   
17         0.901768   0.89589    
18         0.902518   0.887166   
19         0.904546   0.878546   
20         0.906858   0.870253   
21         0.909914   0.862272   
22         0.91369    0.854659   
23         0.91816    0.847467   
24         0.923293   0.840745   
25         0.929058   0.834538   
26         0.935421   0.82889    
27         0.94315    0.823917   
28         0.950571   0.819485   
29         0.958445   0.815704   
30         0.966718   0.812599   
31         0.97533    0.810194   
32         0.98422    0.808512   
33         0.993321   0.807574   
34         1.00291    0.807456   
35         1.01222    0.808039   
36         1.02153    0.809375   
37         1.03075    0.811463   
38         1.03981    0.814298   
39         1.04861    0.817873   
40         1.05707    0.822179   
41         1.06508    0.827203   
42         1.07205    0.832435   
43         1.07895    0.838794   
44         1.08518    0.845755   
45         1.09067    0.85327    
46         1.09535    0.861284   
47         1.09915    0.869735   
48         1.10201    0.878551   
49         1.1038     0.886574   
50         1.10465    0.895894   
51         1.10446    0.905349   
52         1.10323    0.914849   
53         1.10095    0.924297   
54         1.09767    0.933587   
55         1.09341    0.94261    
56         1.08824    0.951246   
57         1.08383    0.960861   
58         1.077      0.968454   
59         1.06943    0.975405   
60         1.06118    0.981634   
61         1.05237    0.987071   
62         1.04307    0.991665   
63         1.03339    0.995379   
64         1.0229     0.999608   
65         1.01279    1.00145    
66         1.00264    1.00229    
67         0.992547   1.00211    
68         0.982625   1.00091    
69         0.972961   0.998718   
70         0.963632   0.995563   
71         0.954698   0.991501   
72         0.944472   0.985784   
73         0.936601   0.980061   
74         0.929386   0.973602   
75         0.922882   0.966489   
76         0.917127   0.958811   
77         0.912148   0.950661   
78         0.907953   0.942139   
79         0.904434   0.932248   
80         0.901825   0.923274   
81         0.900029   0.91422    
82         0.899041   0.90517    
83         0.898856   0.896199   
84         0.899472   0.887363   
85         0.900896   0.878698   
86         0.903145   0.870213   
87         0.910602   0.862991   
88         0.914394   0.855069   
89         0.918886   0.847545   
90         0.924048   0.840476   
91         0.929849   0.833928   
92         0.936258   0.82798    
93         0.943243   0.822736   
94         0.951735   0.819945   
95         0.959736   0.816285   
96         0.968151   0.813346   
97         0.976915   0.81114    
98         0.985951   0.809673   
99         0.99517    0.808949   
100        1.00447    0.808965   
101        1.01372    0.809715   
102        1.02392    0.810325   
103        1.03291    0.812527   
104        1.04169    0.815443   
105        1.0502     0.819066   
106        1.05836    0.823389   
107        1.0661     0.828407   
108        1.07337    0.83412    
109        1.07823    0.842077   
110        1.08434    0.849115   
111        1.08973    0.856722   
112        1.09434    0.86484    
113        1.09808    0.873402   
114        1.10086    0.882322   
115        1.10258    0.891497   
116        1.10316    0.900798   
117        1.10242    0.907436   
118        1.1007     0.91677    
119        1.09791    0.926015   
120        1.09408    0.935067   
121        1.08929    0.943817   
122        1.08364    0.952151   
123        1.07729    0.959949   
124        1.07318    0.97252    
125        1.06574    0.978953   
126        1.05779    0.984623   
127        1.04939    0.989474   
128        1.04062    0.993472   
129        1.03151    0.996608   
130        1.02206    0.998905   
131        1.01222    1.00042    
132        1.0009     1.00114    
133        0.990719   1.00094    
134        0.980657   0.999786   
135        0.970824   0.997669   
136        0.96134    0.994581   
137        0.95233    0.990518   
138        0.944966   0.986792   
139        0.937225   0.980843   
140        0.930174   0.974108   
141        0.923862   0.966685   
142        0.918314   0.958693   
143        0.913534   0.95028    
144        0.909497   0.941618   
145        0.902903   0.93185    
146        0.900326   0.923078   
147        0.898557   0.914272   
148        0.897596   0.90549    
149        0.897439   0.896764   
150        0.898084   0.888095   
151        0.899527   0.879443   
152        0.903562   0.869941   
153        0.906557   0.861477   
154        0.910289   0.85332    
155        0.914742   0.845546   
156        0.919904   0.838246   
157        0.925768   0.831519   
158        0.932331   0.825487   
159        0.938684   0.8207     
160        0.94647    0.81612    
161        0.954748   0.812248   
162        0.963449   0.809096   
163        0.972495   0.806665   
164        0.981803   0.804945   
165        0.992431   0.802889   
166        1.002      0.802554   
167        1.01163    0.802958   
168        1.02124    0.804109   
169        1.03077    0.806021   
170        1.04016    0.808715   
171        1.04938    0.81222    
172        1.05809    0.816917   
173        1.06672    0.822053   
174        1.07487    0.827913   
175        1.08245    0.834465   
176        1.08934    0.841671   
177        1.09544    0.849484   
178        1.10063    0.857854   
179        1.10404    0.865432   
180        1.10722    0.874717   
181        1.10936    0.884343   
182        1.11043    0.894221   
183        1.11042    0.904251   
184        1.10931    0.914325   
185        1.10714    0.924324   
186        1.10497    0.93451    
187        1.10069    0.944063   
188        1.09541    0.953256   
189        1.08916    0.961991   
190        1.08202    0.970173   
191        1.07407    0.977715   
192        1.06539    0.984537   
193        1.05665    0.991337   
194        1.04682    0.996461   
195        1.03656    1.00063    
196        1.026      1.00378    
197        1.01527    1.00587    
198        1.00449    1.00689    
199        0.993667   1.00733    
200        0.983168   1.00615    
