1024	1028
1044	1072
1096	1116
1152	1216
1272	1300
1348	1456
1552	1580
1632	1792
1936	1952
1980	2208
2352	2392
2320	2688
2776	2896
2652	3232
3208	3464
2976	3840
3708	3856
3660	4264
4268	4320
4336	4752
4836	4848
5004	5304
5412	5440
5664	5924
5996	6076
6336	6576
6656	6796
7100	7336
7424	7612
7952	8192
8292	8524
8888	9152
9268	9376
9528	9684
9836	9992
10152	10348
10528	10688
10860	11100
11320	11480
11664	11976
12252	12372
12556	12884
13184	13324
13408	13876
14120	14340
14252	14932
15064	15420
15080	16076
16052	16332
16276	17012
17124	17308
17464	18012
18204	18348
18644	19076
19292	19452
19816	20208
20388	20352
20968	20876
21464	21088
22076	21636
22540	21908
23168	22516
23572	22840
24152	23436
24452	23560
24676	23900
25016	24196
25308	24528
25640	24832
25948	25172
26308	25456
26580	25800
26980	26136
27196	26424
27612	26744
27760	27064
28112	27440
28264	27684
28584	28108
28672	28300
29224	28408
29260	28852
29804	28700
29868	29192
30216	29320
30332	29616
30616	29596
30916	30008
30976	30012
31264	30472
31284	30376
31568	30696
31596	30648
31812	31004
31892	30884
32232	31488
32268	31184
32360	31568
32404	31388
32612	31968
32920	31704
32636	31892
33036	31932
32760	32072
33204	32068
33008	32216
33172	32128
33116	32264
33232	32212
33156	32276
33304	32308
33228	32196
33260	32556
32764	32696
32944	32712
32796	32584
32756	32852
33076	32492
32968	32992
33444	32644
33348	32828
33344	32488
33720	32624
33272	32572
33988	32132
33560	32516
34128	31828
33940	32372
34196	31448
34336	32164
34484	31160
34604	31828
34884	30820
34776	31436
35428	30640
34968	30796
35884	30496
35340	30196
36232	30228
35832	29668
36600	29844
36388	29260
37056	29308
36964	28788
37468	28728
37504	28216
37964	28184
38132	27660
38460	27664
38728	26980
39136	27116
39328	26428
39764	26420
39868	25780
40544	25700
40516	25256
41200	24816
41184	24472
42044	24048
41912	23948
42780	23124
42700	23200
43588	22312
43504	22416
44400	21444
44364	21556
45252	20520
45328	20608
46100	19684
46268	19684
46952	18700
46996	18604
47800	17604
47776	17752
48464	16944
48244	17152
49064	16456
48676	16680
49284	16228
48936	16428
49508	16064
49036	16488
49556	16012
49004	16604
49280	16168
48976	16836
48864	16488
48632	17328
48408	16944
48100	18020
47624	17608
47576	18704
46848	18488
46656	19488
45952	19448
45432	20592
45108	20528
44076	21656
43972	22200
42756	22888
42496	23664
41248	24368
40840	25316
39688	26128
39040	26992
37904	28068
37168	28940
35876	29984
35120	31160
33804	32104
32852	33504
31560	34420
30396	35824
29116	36992
27908	38440
26420	39644
25320	41116
23428	42556
22556	43908
20484	45728
19440	46752
17460	48988
16200	49940
14244	52184
12952	53432
11168	53912
12800	55372
7832	55664
12396	57196
4520	57508
12128	59040
1028	59268
12092	57192
4264	57460
12456	55380
7740	55696
12688	53900
11100	54024
12908	52384
13700	50612
16012	49068
16708	47720
19060	45968
19780	44936
21776	43144
22560	42336
24364	40548
25120	39848
26768	38080
27588	37452
29016	35884
29844	35308
31192	33704
31880	33360
33204	31736
33752	31408
35016	30036
35536	29592
36592	28356
37196	28208
38132	26868
38736	26772
39376	25640
39988	25440
40660	24560
41000	24368
41620	23448
42016	23576
42452	22696
42900	22736
43108	22044
43400	22240
43840	21424
43796	21800
44176	21100
44188	21564
44396	20860
44288	21472
44452	20856
44336	21480
44348	20980
44140	21680
44112	21320
43788	22024
43628	21840
43264	22596
43052	22432
42528	23268
42188	23204
41756	24052
41104	24028
40824	23160
40016	21384
39716	20896
39472	19108
38908	18556
38788	16724
39220	17384
38924	17236
38208	18192
38044	17900
37348	18924
37076	18584
36572	19752
36640	19740
35984	20516
36176	20736
35320	21272
35644	21552
34796	22120
35152	22324
34284	22888
34568	22892
33852	23744
34028	23528
33568	24440
33476	24236
33212	25160
33064	24900
32836	25864
33032	25644
32236	26264
32876	26532
32088	26716
32488	27160
31840	27284
32264	27704
31600	27864
32112	28064
31532	28540
31800	28492
31460	29088
31632	28928
31292	29544
31656	29240
31120	30020
31496	29588
31260	30392
31396	29960
31272	30796
31264	30400
31464	30912
31260	30988
31512	31136
31220	30980
31316	31404
31528	31536
31852	32096
32056	32000
32156	32400
32316	32316
32676	32712
32244	32348
32780	32656
32340	32360
32588	32804
32336	32344
32452	32708
32580	32048
32204	32924
32184	31848
32468	32372
31892	32356
31568	32164
31840	32072
31324	32152
31556	31852
30736	32216
30824	32020
30344	31444
30840	31512
30004	31176
30516	30972
30140	30516
30348	30400
29800	30076
30040	29888
29420	29632
29700	29368
28948	29076
29392	28664
28452	28696
28824	27940
28156	28280
28332	27344
27696	27624
27824	26688
27076	26832
27332	26144
26532	26036
26784	25476
25876	25368
26212	24680
25240	24708
25556	23900
24548	23788
24880	23156
23916	22972
24136	22300
23232	22200
23440	21472
22408	21296
22656	20580
21596	20324
21888	19708
20756	19420
21088	18660
20124	18184
20916	18080
20568	19048
21876	19992
21384	20048
23204	20404
23800	21072
23892	21920
22952	22124
23224	22732
22720	23168
22888	23184
23724	24736
23488	25060
24192	24816
25188	25588
25032	25720
26232	25460
25856	26364
26820	27120
27596	28252
28600	28816
29408	30044
30328	30436
30732	31088
31496	31912
32256	32876
33640	33932
33968	34452
34820	34856
35352	36056
36048	35792
35972	36312
36284	36284
36740	37208
37228	37024
36960	37400
37776	37616
37368	37684
38140	37940
37596	37712
38156	38188
37812	37844
38360	38348
37988	38072
38420	38356
37904	37720
37968	38208
37960	37688
37800	37796
37432	37504
37676	37624
37384	37300
37172	36844
36564	36628
36524	36388
36316	36484
36376	36064
35916	35884
36084	35788
35292	35740
36604	37024
37680	36860
36548	36976
37952	38852
37456	37968
40260	40228
37796	37412
40252	41072
36932	34344
37388	40592
39728	40228
42828	44388
42652	43548
46196	46468
43716	42708
42768	42868
43148	44048
45384	47704
46312	44504
44656	43284
44212	44672
46556	44884
43004	44624
47852	47196
43524	42408
43612	41320
38236	38876
40412	41840
42044	41256
40616	42000
43408	42248
40028	39036
37500	36972
37568	38112
37020	36132
36824	37124
36384	35820
36032	36292
35888	35228
34644	34712
33980	33628
34468	34232
33220	33012
33872	34068
33216	33148
33584	33600
33392	33408
33664	33828
33644	33976
34176	33948
33124	33116
33960	33440
32584	32248
33204	33580
32848	32736
33028	33124
32376	32284
33452	32920
31656	32812
33400	32484
31148	31728
33044	33108
31984	32008
32876	33204
32084	31548
33344	33552
32528	31644
32824	34056
32764	31788
33036	33180
32948	32264
32396	33364
32808	31372
32404	33316
32552	31952
32248	32960
32800	32060
31700	32680
32760	31968
32144	32964
31996	31232
33200	32876
30472	31252
33056	32956
31448	31132
33640	33476
31696	31132
32664	33820
32580	30984
31592	34220
33504	31740
32432	33684
33328	32372
32716	33112
32260	31956
33428	33560
32264	31296
33112	34632
32668	30728
32876	34228
32608	30720
32248	33756
32684	31372
32448	33880
32628	32180
32236	31456
32864	32920
31064	30476
32120	31812
31068	30680
30464	32012
31160	29428
30740	31864
31324	30316
30060	31712
31932	30612
29988	32568
32544	29948
31280	33716
32392	29936
31060	34140
33212	30220
31752	34384
32536	30900
32224	34008
32664	31312
32356	33536
32932	32560
32024	32516
34656	33328
30532	31828
35456	33200
29956	32072
35276	33732
30556	32044
35256	33528
30628	31552
34760	33740
31176	31660
33800	32824
32440	32888
33236	32760
33044	32028
32392	33724
33672	31008
31372	35028
33164	30836
32372	33996
32752	31464
32776	33980
33556	31424
32364	33808
33252	31716
32848	34040
32308	31692
33244	33356
32080	33220
33320	32960
31672	32252
34048	33152
31548	32096
34000	33400
32504	31184
33096	34200
32552	31440
32628	33676
33392	31904
32128	33684
33012	31316
32856	33956
31976	31764
33192	33416
32116	32504
33424	33088
31980	32580
33552	33408
31236	32412
34724	32708
31280	33144
34128	32116
30508	34180
34760	31328
30820	34036
34308	32216
30760	33116
35136	31980
30668	34020
34480	31940
31292	33372
33992	31820
30812	33432
34856	32260
31152	32620
34036	33136
32060	33108
33376	32756
32624	32980
32704	32692
32708	32704
32720	32312
32516	32852
33596	32876
32044	32448
33620	33452
31924	31924
33096	33560
32400	31920
33404	33452
32628	32248
32856	32932
32608	32220
32896	32968
32988	33180
32480	31680
33312	34544
32592	30344
33432	34784
31868	30400
34100	35136
31052	30756
34652	34492
31052	31776
34412	34360
31128	31784
34536	33492
30828	31048
34816	34288
30944	31516
34468	33260
31344	32916
33996	32424
31164	33588
34132	31776
32104	33464
33616	32052
31644	34228
33528	31092
32228	34860
33336	30476
32540	34732
32712	30408
33376	34280
32628	31336
33048	33940
32692	31328
32712	33560
32944	31404
32760	34000
32868	31956
33096	33348
32320	31912
33424	34024
32524	31260
33140	33544
32316	32136
33208	33160
31576	32708
33628	31920
31816	33448
33904	32488
31944	32296
33776	33736
31520	32580
34072	31988
31756	34064
33884	31824
32036	32832
34024	32644
31572	32596
34128	32900
31384	32800
34396	32932
30776	32872
34552	32492
31392	33644
33520	31528
32212	33292
33180	33392
32308	31664
33056	34156
32204	31984
33064	33436
32944	31032
33792	34496
31984	31312
33352	34120
32216	32216
33588	32936
31336	32720
33788	33008
31852	32640
33344	33016
31792	32096
33964	32820
31856	32596
33068	33772
33472	32120
32636	33732
32432	32236
32728	33736
32640	32164
32704	34060
33364	31652
32288	33864
33504	31800
31844	33544
33312	31524
31964	33668
33164	32356
32576	32112
33404	33292
32560	31716
33056	32932
32756	32672
32348	32208
33416	33348
32436	32292
33804	32704
31888	33268
33220	32076
32540	33460
32992	31944
32516	33244
32772	31848
32600	33728
33000	31768
32820	34368
32172	31272
33168	34292
32400	31344
33096	34408
32464	31620
33480	33344
31856	33236
33488	31636
31732	34572
33056	30472
32276	35124
33380	30712
31612	34296
32736	31128
32460	34532
32380	31760
32836	33316
32124	32620
34184	33092
30828	32592
34792	32984
31156	32560
33700	32188
32612	33636
32412	31852
33072	34076
32808	31756
32652	34028
32580	30892
32812	33888
32008	31980
33352	33624
32492	32008
33540	33420
32316	32012
33248	33960
32704	30764
33976	34764
30776	30452
34744	34516
31040	31240
35028	33928
29848	32020
35748	33388
30572	32204
34808	33000
30508	31984
34824	33628
31100	32184
34180	33320
32592	32228
32828	32552
32592	33012
32688	32600
32756	32716
32704	33204
32844	32656
32976	33108
33228	32188
32668	34160
32156	31504
32896	34268
32208	31300
34428	33740
30948	31704
34452	33800
31660	32332
35344	33052
29928	32468
36048	32424
29704	34024
34756	31324
31016	35176
34336	29700
31404	35508
33552	30564
32008	34548
33236	30936
32272	34212
33412	31440
31240	34272
33504	31532
31588	33936
33308	31824
32184	33112
33260	32364
32380	33360
33596	32456
32276	33124
33336	32360
31920	33164
33820	32000
31472	33244
33924	31940
31964	33408
33400	31856
32408	33764
32400	31916
32380	33828
32964	31916
32940	33824
32356	31048
32776	34852
31600	31092
34220	34212
31236	31368
33584	34928
32180	30504
33348	35020
32256	30440
33668	35068
31448	31160
33896	34648
31760	30636
33300	34708
31372	31188
33860	34028
31764	32080
34036	32468
31404	33260
33940	32320
31836	32572
33100	32984
32452	32820
33672	33048
32056	33248
33972	31692
31200	34076
33696	31728
32280	32624
33184	32828
32228	32460
33088	32956
32868	32704
32636	32668
32744	32656
32536	33348
33384	32156
32524	33592
33080	32756
32228	32684
32876	32532
32876	32504
32428	33724
32708	31552
32960	34000
32524	31380
32684	33172
32700	31888
33292	33664
32364	32260
33396	33468
32812	32212
32244	33268
34184	31928
31428	33440
33648	32084
32216	33480
33240	31784
32272	33104
33084	32584
32012	32736
32720	32132
33812	33904
31108	32144
33676	32852
32220	32424
33980	32704
30820	32668
34552	31888
31276	33928
33948	31232
31792	33660
33684	31984
31620	33288
33932	32536
32364	33324
32316	32164
33444	33364
32208	31352
33232	34768
32316	31024
32944	34580
32916	30992
32500	34484
32952	30640
33132	35168
33136	30544
32008	34804
33628	31232
31808	34404
33356	31692
31308	34444
34144	30904
31864	34376
33600	30772
31448	34384
34612	31308
31656	33668
34052	31268
31240	34440
33896	30416
32064	34488
33572	31452
32668	33968
32828	31848
33080	32572
32284	33376
33440	32196
31776	32664
33084	32856
32208	31484
33412	33952
32364	32280
33056	32736
32808	32772
33464	32676
31976	33580
32812	32428
33176	32808
32900	32692
32824	32540
32652	32816
33004	32828
32696	32384
32524	33636
32228	32656
33848	33016
31636	32960
33884	32484
31756	33932
34160	30688
31828	35036
33428	30704
32896	35112
32792	31492
32812	34704
32920	30840
33176	34780
32268	31516
33540	34292
31604	31436
33836	34652
31788	30884
33256	33844
32668	31500
32716	34268
32816	31260
32908	34244
32692	31604
32680	33460
33548	32496
32348	33008
32668	32152
32292	34072
32908	31556
33156	34388
32660	31208
33256	34592
33196	31460
31824	34388
33972	31416
30840	34236
34276	31804
31392	32992
33760	32828
32108	32236
32796	32668
33612	33076
32892	32256
32036	33912
33536	32012
31964	33816
33232	31712
32104	33680
33372	31724
32288	34108
33728	31328
31244	34064
34080	31748
31396	33968
34124	30808
31388	35396
34096	29900
31156	35868
34312	30196
31128	34496
34240	31616
31264	34340
34500	31268
31152	34292
34832	30936
31096	34964
35012	29764
31232	36396
33988	28600
31680	36500
33460	28788
32676	36740
32480	28776
33128	36420
32156	30344
33032	35016
31836	30360
33764	34852
31724	30608
33368	34880
31536	30336
34464	34560
30556	30588
35152	34688
30360	31004
34964	34544
31080	30348
34816	35632
30204	29844
35492	35696
30020	29796
35004	35232
30788	30704
34876	34672
30228	30896
34912	34680
30724	31168
35292	33724
30532	31580
35204	33904
31492	31520
33644	34428
32000	30312
33524	34844
33300	31024
31416	33844
34120	31992
31092	33820
33844	31168
32372	34924
33020	30484
32324	34852
33336	30020
32432	35972
33580	29292
31924	36160
34000	29648
32228	35856
33404	29444
32556	36252
32796	29140
32436	36548
32968	29548
32268	36284
32844	29016
32720	36216
32316	29300
33800	35540
32032	29896
33944	34912
31276	30780
34628	34172
31160	31512
33832	33792
32084	31472
33788	33892
31472	32520
33836	33108
32020	32256
33376	32996
32336	32908
33284	32844
32588	32916
33100	32360
32256	33244
33440	32220
32184	33100
32748	32316
33320	33284
31316	32360
34032	32660
31468	33344
33356	32392
32300	32908
32604	33280
32952	32596
32452	33648
33088	31972
32304	33652
33048	32392
32424	33020
32784	32404
32972	33312
32280	32828
33044	32832
33196	32612
32568	33024
32672	31768
32676	34324
32908	31756
32680	33348
32268	32220
34048	32852
31708	32948
33636	32424
30896	33008
35112	32484
30124	33276
35576	32588
30648	33356
34452	31756
31264	33688
33944	32292
32312	33232
33316	32936
32244	32912
33264	32676
32116	32736
33280	32664
33208	33028
32200	32608
33432	32080
31844	33096
33640	33332
31480	31260
33644	34852
31184	31216
33528	34252
31852	30756
33260	35044
32624	30556
33100	35216
32548	30572
32872	35196
32744	30260
32680	34916
33480	30848
31944	35236
33880	30516
30944	35196
35204	29984
30440	35028
34972	30512
31076	34532
33904	30448
32044	34620
33020	31032
32692	33932
33132	31908
31364	33000
34116	33264
31256	32056
33576	33328
32020	32100
34168	33248
31000	32652
34168	32780
31464	33028
34068	32756
31256	33128
33844	32164
31752	33676
33308	31784
32320	33728
32868	31544
32028	32840
33712	33040
31508	32828
34052	32672
31292	33080
34092	32188
31944	33632
32928	32048
32168	33204
33192	32936
33040	31804
31680	33296
34272	32860
30780	32424
33876	33004
31340	32304
34316	32800
31620	32472
34196	32360
30928	32928
33816	32956
31772	32152
33152	32944
32664	33128
32960	32128
32888	33984
32432	30848
33272	35440
32196	30948
33248	35088
32308	30672
33492	34420
31920	31260
33228	33248
31708	32836
34400	33224
30720	32532
34964	32712
30668	33600
35196	32052
30852	33076
34976	32116
30660	32752
35268	32808
30332	32148
35064	33432
30720	32592
34556	32908
31128	32060
35116	33636
31184	31252
33980	34556
31144	31336
34504	33704
31188	31824
33876	33400
31232	32464
33892	33124
31568	32440
34560	32356
31388	33728
34356	32628
31676	31988
33548	33140
32584	32072
32580	33184
32384	32276
32980	33320
32864	31872
33100	33752
31936	32372
33900	32760
31460	33856
34464	31400
31192	33796
33904	30988
31524	34932
34848	30852
30960	34408
34108	30520
31696	35136
34268	29848
31664	36420
33560	29520
33136	35580
31556	29956
34204	35268
31392	30968
34740	34112
30832	32248
35312	33664
30636	31720
35388	33848
30364	31540
34752	33840
30788	32356
34740	32984
31408	33564
34504	31620
30692	34084
34136	31472
31672	33520
33840	31724
31676	34516
34236	31044
31040	34656
33740	31360
32576	34504
33108	31856
32868	32912
32740	33620
32812	31844
33032	33836
32392	31572
33356	34124
32468	31780
33052	33880
32668	31656
32384	33928
31776	31472
33296	34032
32036	31668
33808	34388
32744	31324
32448	34256
32796	31328
32576	34468
32176	31764
34008	33000
30332	33888
34960	31756
31136	34188
33656	31248
32136	33532
33020	33004
32140	31796
32688	34484
33308	31496
32520	33248
32756	32528
33808	32856
31312	33476
33616	32072
32456	33592
32628	31996
33600	34024
31300	31168
33872	33904
31704	31680
33424	34384
32540	31528
33044	33700
32588	32248
31652	33112
33928	32820
32240	33064
32844	32252
32892	33096
31752	32648
33968	32904
31012	32492
34188	33220
31728	32340
32988	32724
33136	32840
32172	32324
33692	33308
31520	32320
34448	32048
31004	34000
34480	31536
31584	34244
33360	31084
32248	34660
33300	30896
32132	35104
33156	30656
32636	34756
32712	30788
32600	34588
33220	31008
32140	34772
32916	29932
32204	35996
33612	28792
32012	36412
33308	29424
32864	36160
32936	30156
32548	35100
33968	30420
30820	34820
34124	31392
31496	34132
33180	31416
33384	33544
31484	32460
33920	32872
32416	33264
32424	31960
33472	34200
31968	31480
33784	34488
31912	30976
33800	34136
31904	31316
33940	34928
31464	30832
33508	35296
32492	30484
33020	35532
32428	30204
33180	34540
32588	31668
33008	33592
32460	32108
34000	33668
30888	32208
35400	33288
29944	32504
35328	32836
30028	32608
34836	32852
30584	32068
34516	33496
30960	31896
34336	33848
31860	31404
33680	34448
30448	30472
35376	34984
30520	30096
34848	36644
30852	28844
35124	35952
29656	30064
35884	34892
29476	30864
35784	34700
30024	30752
34536	35172
31892	30120
33752	35548
31992	30720
33800	33892
32376	31340
32796	34128
33780	31456
31672	33980
33924	31656
31536	34044
34036	31772
31868	33312
34016	32216
30896	33816
35500	31472
30196	34860
34572	30416
31884	35504
32876	29420
33096	36624
32488	29360
33420	35320
32428	31464
32712	32860
32836	33132
33124	32804
32332	33180
32236	32224
32912	33572
32676	31780
33108	33800
32712	31684
32736	33848
33216	31192
32624	33808
32148	31920
34228	33596
31212	31508
34784	34108
30936	31984
34112	33416
31108	32252
34536	33044
31480	32596
33876	32176
31548	33288
34440	32008
31596	33592
33900	32180
31776	34124
33428	31524
32032	33680
33240	32508
32444	32924
33532	32344
32132	32592
33832	33480
31732	31792
32988	33804
32740	32316
32784	33268
32600	32224
33572	33128
32748	32608
32988	32680
32892	33116
33008	32056
32892	33680
32640	31840
33424	33712
31828	31888
33900	33444
31588	31956
33556	33184
32368	32528
32760	33904
32712	31504
33004	34620
32528	30636
33336	35116
32236	29824
33244	35316
32544	30260
32688	34856
32992	31468
32660	33396
33428	32488
32040	33352
33660	32328
31828	33596
33564	31824
31436	33272
33952	32644
31692	32788
33576	32736
31996	32600
33492	32268
31420	33560
34428	31584
31300	34024
34540	31248
30984	34792
33920	30320
32260	35416
32780	30524
33188	34808
32168	30528
32812	35108
32908	30692
32300	33632
33180	32696
31892	32576
33808	33316
32052	32180
33628	33036
32264	32168
33068	33740
32432	31460
33460	33984
32188	31492
33928	34512
32000	31412
33880	34616
31472	31716
33884	33412
31872	31948
33696	33960
32316	31940
33316	33204
32640	32684
32432	32152
32884	33764
32544	32320
33660	32552
32012	32596
33252	34012
31780	31736
33220	33968
31444	31620
34180	33900
31332	31804
33288	33432
32116	32632
32864	33072
32156	32620
33760	32764
31820	33296
33704	32416
31628	32400
33716	33276
32184	32072
32620	32668
33492	32860
32524	31748
32620	33232
32812	32364
33748	33068
31668	32256
34404	33572
30984	31316
34884	33920
30340	31476
35844	34136
28884	31224
37008	33892
28792	32036
36768	32256
29528	34008
35396	31112
31132	34464
33716	30988
31820	35264
32928	29632
33016	35332
32348	29920
33908	35108
30724	31024
34632	34156
30256	30796
35304	34540
29444	30468
35528	34396
30364	30700
35056	35508
30296	29708
35064	35940
30460	29288
35176	36016
30240	29216
35656	36332
29664	29640
35584	35136
29788	31372
35456	34000
30516	31952
33972	34188
31400	32204
34020	33076
31800	31824
33168	33640
32588	32436
33448	32776
32724	32820
33200	32524
32612	32692
32460	31612
33068	34244
32368	31144
33184	34652
32248	31120
33996	34700
32264	31004
33000	34812
33416	30552
32016	34796
33100	31288
32156	33584
33528	31816
31948	32732
33228	33100
31652	32204
34052	32868
31780	32344
33616	33116
32320	32128
32968	34112
32672	31152
32420	34976
33216	30396
32788	34020
32632	31668
32480	34004
32916	32400
33156	32656
32076	33088
33212	32992
31772	32136
34000	33032
31296	32104
34716	33464
30796	31440
34252	34348
30944	31156
35092	35516
30020	29380
35520	36144
30080	29788
35708	35820
30248	30024
35576	35056
29724	30468
35960	35012
30176	30412
35068	34896
30564	29912
33976	35968
31688	29528
33936	36300
31508	29616
34136	34916
31376	31500
34160	33436
30936	32792
34044	31436
32508	34948
32676	29892
33012	35580
31992	30376
33624	35176
32000	30284
33080	35560
32876	29816
31904	35608
33800	30128
31680	34508
33628	31268
32444	34684
32552	31608
32764	33588
32912	33004
32620	33340
33064	31784
32268	33616
33648	32356
31744	32944
33664	32376
32036	33532
33236	32280
32612	32308
32660	33668
33232	32248
32664	33400
32876	32720
32424	32600
34156	33476
31052	31892
34980	34092
30376	31284
35644	34120
30800	31952
34440	33488
31476	31540
33604	34308
31864	31724
33432	32884
32448	33260
33924	32444
31516	33564
34232	32084
30608	33304
35032	32160
30616	32860
35152	32860
30452	32476
35140	33276
30472	32428
35276	33376
31156	32104
34332	33596
31856	31800
34332	34008
31628	31996
34480	33284
31852	31636
33448	33120
32684	31956
32608	33872
32492	31428
32968	35032
32432	30784
32500	35412
32600	31156
32464	34024
32548	31976
32692	33804
32988	31176
32016	34720
33500	30400
31776	35220
34140	30556
31948	35916
33468	29968
33220	36020
31364	29532
34596	36028
30740	29348
35196	35888
30484	30052
34188	34724
31336	31044
34556	34540
30564	31092
34740	34780
30328	31280
35956	34296
29876	31764
36008	33824
29276	31604
36780	34028
28652	32540
36980	32636
28720	33080
35928	32700
29948	32540
35792	33376
29916	31164
35700	34272
29552	30828
36048	34740
28856	30296
36956	35032
28304	30616
36920	34124
28312	31600
37340	32556
28460	33508
36932	31256
29432	34696
35640	29228
30340	36884
35056	28572
31020	37280
34256	27644
31164	38748
33432	26600
31524	38972
34052	26272
31720	38776
33260	26820
32768	38332
32836	28104
32720	37064
32204	28360
32948	36776
32832	29192
31956	35916
34020	30600
31332	34628
33328	30696
32420	34400
33172	31380
32448	34664
32964	30836
32472	33316
33240	31984
32604	33188
33452	32152
32504	34144
32480	30740
33416	34824
31896	30532
33868	35492
31232	30112
34132	35680
30972	30516
34936	35260
29928	29788
35752	35904
30216	30192
34824	35484
30196	30404
35752	34844
30308	30148
34600	35144
31692	30464
33892	35392
31664	29648
33744	35624
32216	29336
32700	35988
33000	30340
32164	34812
33744	31232
32048	34420
33544	31052
32300	34008
33840	31340
32020	34388
33700	31252
31992	34432
32904	30920
32808	34440
32264	30540
33884	34288
30844	31312
34496	33568
31368	32220
34152	32676
31692	32704
32992	32692
32108	33088
33420	32456
31868	33852
33544	31272
31740	33528
34124	32292
32116	32452
33560	32728
31856	32600
33740	32844
31196	33476
35072	31584
30188	34212
35692	30968
29864	34924
36160	30712
28968	34556
36800	31720
29420	33908
35404	31968
30764	33400
34320	31932
31316	33208
34416	32488
31968	33032
33112	32660
32308	32376
33268	33100
31896	31336
33716	33988
31816	32220
33920	33880
32480	31588
32404	33944
33472	31456
32488	34212
33072	31048
32368	35164
32196	30464
33648	36080
31564	29828
33956	35636
31372	29744
35020	34720
30272	32140
35988	32648
29108	33116
36180	31440
29180	34692
36012	30444
30700	34468
33920	31276
32284	34904
32768	31072
33064	33812
32684	31816
33320	33376
32000	32320
33568	33852
32420	31220
33212	34348
32428	31468
32668	33820
33436	32152
32224	34084
32848	31644
32972	33992
33320	30784
31972	35724
34148	29604
31712	36308
32400	29204
33752	36132
31268	29632
34600	35496
30808	31296
34336	33632
31496	32904
34092	32624
30984	32080
33452	33664
32324	31880
32920	33884
32840	32188
32292	33668
34148	31792
31952	33544
33748	31828
31472	33912
33820	31680
32108	34216
32904	30968
32692	34436
32320	31084
33016	34700
31924	30592
34364	35020
31764	30428
34088	34848
31492	31356
33540	33232
32332	32856
32392	32448
33268	33324
32240	32180
32868	34456
33240	30652
32512	35264
33244	30652
31952	35020
33644	30428
32000	34908
33896	30332
31620	35536
33364	30348
32228	35360
32536	30148
33324	36144
31892	29136
34404	36296
30864	29640
35000	35488
30904	31336
34200	33412
31632	32644
33464	32788
31764	32580
34264	33064
30892	32376
34672	33308
30784	31900
34976	33844
30236	30864
35036	34916
29756	30560
36076	34940
29000	31388
36280	33244
29344	33040
35508	31844
30892	33488
34352	32288
31916	33312
34136	32456
30928	33128
35128	31880
30092	33784
35272	31700
30900	33108
34180	31640
31412	33980
35388	31668
30456	34124
35656	31768
29748	33400
36224	32112
29360	32428
36032	33088
28384	33200
37388	31724
28144	33928
37308	31284
27908	35192
36784	30768
28940	35112
36328	30648
29844	34592
35148	31348
30736	33980
34616	31360
30904	34668
34684	30980
31396	35196
33900	30604
31700	34700
33876	31148
31560	33356
34792	32696
30752	32824
35432	32356
29448	33024
36288	31716
29760	33368
35652	31884
29844	33928
34728	31592
31848	34264
33496	30904
31896	34816
34052	30856
30840	34768
35400	30656
29988	34616
35744	30960
29372	34448
36268	31280
28632	34240
36908	31412
28748	34220
35756	31600
30536	34100
35268	31492
30400	34204
34648	30680
31292	34644
33476	31196
32380	34284
32232	31016
33380	34272
32620	32288
32236	32944
33396	32140
32756	33692
32612	32280
32976	32876
31948	32284
34356	33648
31172	31204
33928	34396
32236	31280
33288	33884
32116	31528
32716	34032
32488	31664
32296	33696
32716	31580
32928	34220
32968	31296
32972	33840
32956	31608
32784	33980
31960	31084
34028	34572
31036	31516
34580	34112
30588	31744
35028	33164
30280	32356
35140	34108
30740	31052
34760	34612
30524	31424
35116	34376
29928	31140
35252	34520
30896	31012
34888	33976
30796	32244
34656	33892
30564	31676
35232	33436
30524	31636
34508	34324
31132	31252
34536	34484
32248	31104
32864	35256
32892	30124
32924	34688
32772	31144
33388	34736
32692	30456
33044	35036
32660	30872
33304	34832
32196	30748
33924	35596
31456	30048
34016	35020
30840	31064
34564	34276
30928	30620
34608	34888
30140	30416
35368	34792
30104	31544
35428	33984
30212	31720
35372	33284
29888	31864
35360	33168
29972	32568
35988	33016
29140	33184
36432	31660
29744	35016
35192	31532
30068	33624
35292	31648
31036	34120
33912	31352
32320	34148
32812	31468
33700	33900
31536	32352
33672	32696
32508	32736
33456	33332
31188	32268
34220	33616
31368	31364
34140	34064
31144	31832
34052	34160
31668	31328
33984	33540
31260	31784
34988	34676
29584	30880
37132	34564
28060	30544
37424	35060
28068	30504
37644	34852
28412	31192
37388	33576
27832	32264
38100	33172
27880	32508
38204	32904
27092	32888
37652	32592
28524	32564
36060	33512
30024	32460
35576	32484
30448	34356
34080	30780
32060	35116
32812	29928
32724	35636
32352	29596
33136	36188
32812	29100
32160	36560
33644	28488
31636	37424
33864	27376
31956	37788
34408	28620
30216	36720
35932	28444
29468	37068
36100	28552
29400	37728
36624	28360
29188	37740
35648	27780
29628	37268
35624	28092
30404	37136
34784	27640
30988	37320
34332	28696
31384	36672
34164	29164
32028	37068
32580	29744
33688	35112
31332	30860
34092	34104
30980	32140
34376	33000
30852	32612
33864	32864
31888	33004
33296	32020
32612	32792
32688	32856
33236	32628
31524	32848
33644	32176
31476	33352
33872	32716
31732	32932
33348	32892
31900	33156
33032	32824
32932	32472
33064	32572
32692	32764
32512	33816
32944	31488
32308	33172
33396	32792
31652	31744
33916	33980
31568	30908
33912	34472
31728	31124
33532	33808
31984	32180
33816	33756
32068	32192
33140	33820
33132	30908
31664	34428
34852	30820
30256	34508
34868	31164
30556	34064
34500	30532
32072	34848
33204	30272
32328	34888
33276	30512
32536	34768
33516	31112
32044	34220
33536	30764
31468	34900
34304	30184
30908	35204
34904	29324
30644	35904
34412	29740
30612	36436
34728	29048
30308	36024
35008	30088
30480	35080
34512	30028
30884	35264
34636	30048
31024	35724
34568	30192
30412	35252
35296	30396
30200	35520
35440	29572
30112	36120
34796	29532
30276	36116
35828	30116
29580	34760
35956	31720
29644	33548
35880	31888
29684	33508
36276	31452
29232	34848
35596	30328
30456	35336
34520	30376
31604	35920
33560	29548
32724	36340
32372	29600
33820	36392
31584	29504
33424	35444
32196	30496
33072	35004
32492	31084
32704	34664
32440	30384
32888	35188
32280	30520
32912	34644
32732	31340
31780	33456
33872	32620
31808	32608
33500	33608
32284	32596
33292	32720
32492	32372
32940	32776
32304	33248
33304	32584
32064	33344
33668	32608
31680	32828
34628	32708
31136	33092
34132	32680
31948	31764
33240	33232
32284	32336
32828	32712
32712	31976
31668	33188
34008	32612
32176	33116
32572	32396
33336	33788
32696	31396
32764	34480
32664	31556
32660	33712
32684	32564
32728	32372
32296	33728
33924	31704
31888	34944
33328	30728
32328	34860
32888	30728
33428	34992
31456	30164
34256	35124
31312	30440
34264	35204
31712	30704
33644	34604
31756	30780
34400	35624
30960	29992
34340	34732
31328	31160
34276	34224
31152	31064
34244	34128
30744	31476
35308	33912
30084	32000
35832	33332
29760	32244
36364	33828
28764	31400
36040	34172
29428	31404
35900	34720
30448	30584
35580	34284
29928	30936
36008	34652
30264	30856
34608	34536
32068	30832
32876	35200
33244	30652
32304	35160
33536	29564
31692	36176
33964	29692
31444	36248
34008	29108
31524	36440
33452	28256
32888	36916
32452	28512
33080	37020
32624	29008
33176	35368
31960	30288
33640	35604
31740	30572
34544	34036
31276	31692
33768	33508
31628	32060
34608	32856
30636	32996
34308	32504
30304	32812
35556	32780
29236	33200
36208	32312
29140	32680
36192	33432
30200	32920
34692	32500
31396	33232
33788	31604
32212	34316
33996	30964
30400	34840
35192	30404
30252	34852
34484	30668
30928	35184
34052	30256
32156	35464
33168	30672
31992	34456
33472	31548
32396	33764
33956	31052
31160	34924
34472	30576
31780	35084
34948	30864
30108	34440
35784	32424
29376	33028
36172	32636
29284	33388
36480	32988
29368	32236
35580	34392
29840	31224
35992	34512
29168	31920
36848	32540
28832	33560
36584	32116
28852	33452
37068	32768
28740	32728
36912	33100
28656	32392
36060	33752
29956	31172
35084	34340
29800	30708
36872	34632
28056	30752
37492	34536
27984	30824
37272	34856
28052	31512
37912	34536
26764	31108
39552	34124
26108	31516
39508	34372
26048	31756
39460	34000
26056	32488
39736	32416
26360	32880
38984	32420
26744	33512
38520	31868
27396	33700
37580	31368
28576	34284
37160	30668
28672	34680
37196	31096
28784	33608
35884	31760
30080	33596
35920	32248
29364	33296
35648	32816
30204	31948
35228	34144
30592	30892
34420	34656
31036	31108
34520	33764
30672	31524
34568	33564
31364	32580
33652	32476
32360	33732
33032	31512
32516	34816
32336	31084
33280	33488
31636	32216
34672	33164
29720	32052
36692	33404
28220	32720
37780	31936
27976	33584
37476	31764
28132	33604
37188	32268
28972	32908
36496	32372
29176	32860
35884	32500
29952	32768
34892	33056
31268	32588
34376	33268
30788	31868
34860	33860
31000	31720
35344	33888
30400	31452
34968	34664
30112	31484
35344	34164
29956	31580
35644	34032
30772	31920
34664	33776
30500	31992
34996	33368
30192	31496
35516	33760
30368	31808
35516	33680
29128	32160
36348	33384
29640	32408
35144	32600
30704	31600
34620	34064
30284	31304
35436	34104
30204	31500
34772	34104
31092	31560
34444	33788
30884	31924
34456	33348
31424	32760
34616	32944
31028	31636
33920	33840
30544	32016
35128	33364
30428	31992
35492	34324
29612	31304
35688	34664
30688	31100
33752	33936
32324	32132
33124	33524
32756	32652
32132	32892
33480	32968
31832	32928
33792	32688
31948	31924
33744	33816
31740	32192
33612	32980
32408	32720
33296	32568
31668	32800
35572	32520
29184	32136
36508	33744
29408	31788
35964	34140
30228	31164
35216	34568
30864	31684
34996	33152
30624	32540
35664	32500
29988	32992
35688	32672
29992	32272
35432	33416
29768	32360
34424	33600
31840	32164
32992	33128
33404	32916
31584	32064
33388	33916
31800	32020
34248	33712
31004	32164
34400	33228
31404	31980
34260	34408
31568	31716
33688	33656
32540	32336
32368	33676
33920	31940
31332	33904
34004	31136
31708	34948
34380	30480
30456	35700
34768	29408
30508	35596
34844	30564
31008	34780
34484	31524
31840	34668
32968	30792
32484	35064
32844	30072
33028	36320
32776	29324
32808	37180
32320	28704
33444	36300
31612	29316
34116	37640
31256	27268
33644	38072
31828	27936
34308	36868
31604	29056
34356	37128
30700	28168
34468	37344
31500	28420
32960	37260
32328	27716
32620	37872
33208	27716
33160	38140
32044	27916
33596	38020
32224	28552
33860	36932
31292	28748
34020	36552
30820	29588
34224	35812
31328	29644
34068	36008
31216	29696
35068	36044
30492	28620
34684	36316
31944	29372
33628	35684
31372	29400
34832	35952
30720	29484
34896	36476
30596	29080
34692	36140
31024	29612
34592	36076
30808	29920
34724	35972
31104	29448
34324	35664
30836	30464
34972	34360
30232	31544
35628	34008
29604	31876
36164	32768
29516	33496
35768	31496
29556	34184
36104	32100
29216	33088
36644	32176
28652	33452
36940	32340
29040	32632
36312	33988
30156	31892
35224	33788
29908	32708
35412	32528
30320	33268
35856	32012
29572	33328
35684	31760
29940	33340
35288	32224
31044	32096
34444	34268
30376	30964
34740	34528
31708	30676
34296	34260
32052	31636
32900	33620
32644	32300
33464	33156
31408	32520
34376	32712
30828	33592
34456	31484
31200	33756
33532	32340
31332	32868
33700	33096
31704	31260
33268	34356
32384	30884
33176	34896
31980	30984
32368	34816
33568	30444
32136	35736
33420	29552
31796	36500
33944	29256
31320	36192
33912	29164
32152	36160
33228	28476
32712	36568
33304	30016
32580	34356
32900	30976
32732	34340
33084	31192
32316	33472
33120	32700
33076	32664
32284	33360
32736	31608
32592	33900
33140	31404
32020	34436
33840	31072
31068	34304
34844	32072
30360	32924
35276	32688
30264	32924
34324	33084
31256	32172
33744	33540
32560	32356
32732	32516
32488	33276
33908	31800
31260	33584
34096	31812
31380	33596
34056	32428
31620	33592
33108	32200
33072	33760
32288	30932
32184	34756
32980	30880
32584	33688
33204	32052
32152	33524
32472	32392
33428	32936
31912	32928
33216	33268
31848	31636
33560	33108
32796	32784
32640	33148
32816	31808
32476	34056
32604	31548
33072	33680
32192	31868
33760	33792
31628	31208
33056	34668
32836	30040
32544	35736
32916	30420
32616	35316
33212	30396
32080	35360
33412	30040
31760	35680
33900	29880
32060	36060
33336	29360
32572	36104
32720	29532
32400	35772
32432	30592
33148	35364
31640	31108
33888	35132
31268	30536
34728	34496
30400	30924
34644	34568
31532	29900
33896	35904
32708	29344
33076	36748
32608	28468
32596	37620
33200	27624
33040	37304
32380	28596
32612	38036
33328	27236
32200	38756
33052	26448
32456	39312
32664	26124
33400	38724
31688	27440
33992	38128
31292	27640
34812	36904
30756	29572
34844	35796
30176	29808
36008	35688
28504	29948
36676	35296
29768	30500
35408	35380
30452	30148
34700	34696
30056	31120
34888	33956
31032	31928
34260	33884
31908	31180
34080	34560
31384	30272
34264	35544
31468	30008
34384	35400
31040	30568
34728	34932
30884	30008
34460	35532
30804	29460
35484	36548
30300	28436
35284	37236
30316	27624
34684	37648
31356	27460
33916	37468
32436	28680
32164	36076
33160	29812
31880	35880
33784	30268
31564	34972
33992	30212
31224	36180
34516	29908
30828	36308
34512	29104
30220	36580
34952	27984
29984	37196
36048	28848
29520	36028
35600	29404
29988	36540
35416	28892
30816	36012
35084	29784
29824	35508
35312	29844
29832	35152
35276	30656
30528	34460
34936	30596
31780	34944
33864	30772
31624	34340
34132	30852
31868	35124
33280	30692
32564	34720
32772	31196
32644	33924
32348	31488
32552	33916
33144	31864
32124	33124
33732	32180
31412	33420
33712	31608
32888	33340
32732	31936
33308	33452
32204	32328
32840	33408
33656	32484
31304	32676
34812	33300
29476	32256
35940	33892
29388	32700
36056	32908
29204	32552
35116	33896
30392	30928
35592	35188
30888	30164
34112	34880
31316	30124
34708	36288
31016	29340
35264	35544
30568	29680
35376	36492
30704	29100
34848	36492
31076	29276
33888	36372
32388	29588
32868	35796
33144	30044
32768	35172
33496	31392
31960	33892
33896	31528
31864	34384
33904	31224
31900	34476
32968	31268
32448	34708
33352	30728
32432	35284
33032	29928
32344	36156
33364	29584
32036	35368
33176	30944
32256	33988
32900	30876
33044	34488
31512	31628
34060	34084
31796	32128
34004	34020
31316	31416
34048	33732
32096	33012
33768	31992
32384	34744
33192	30524
32332	34920
33300	30360
32752	35508
32680	30520
32784	34968
32600	31000
33252	34360
33028	31276
32084	34596
33832	31028
30684	34808
35660	30580
30200	34556
35564	30924
30160	34096
34720	31380
31080	34432
34304	31028
31644	34452
33520	30892
31684	34332
33780	31480
31412	34300
33996	31760
31720	33848
34032	31620
31620	33860
33912	31564
31828	34208
33476	31064
31832	34608
34040	31332
31072	34572
34988	30968
30464	35060
34800	30856
31084	34164
34060	30880
31172	35256
34212	30136
30944	35684
33848	29492
31664	36436
33812	29708
32444	35276
32708	30200
32744	34640
32048	31704
33796	34392
31732	31020
33372	34220
32112	31232
33176	34216
32160	31028
32448	34576
32776	30728
32368	34980
33488	30640
31744	35440
33620	29372
31736	35940
33524	29920
31724	35492
33692	30364
31468	35280
34296	30768
31112	35348
34504	29916
31084	35332
34000	30348
32216	35200
32796	30968
33824	34120
32256	31340
33024	33924
32180	31316
33668	34256
32044	30760
33956	34472
31876	31204
34484	35136
31056	30864
34440	35296
31204	30456
34432	35332
30660	30128
34896	35572
30312	29940
35144	35624
29660	28972
36132	36992
29652	27680
36380	38412
29912	26492
35592	38228
30208	27820
36444	37328
28972	27676
36652	38016
28920	28020
37040	37280
29456	28700
35200	35720
30492	30348
34020	34712
32244	30968
32840	34020
33060	31756
33196	33444
31632	32692
33744	33332
32188	32024
32360	33592
32776	32812
33104	32304
31848	33000
33696	32824
31732	32144
34068	33744
30468	31196
35156	34272
29236	31500
36436	32988
29388	33420
35192	31688
30852	34608
34228	30780
31776	34972
33416	30232
32444	35172
31964	30272
34084	34532
32068	30856
33480	34172
32664	31476
32984	33656
32228	31880
32936	33448
32776	32024
32680	33724
32056	31976
32968	33808
32892	31832
31772	34336
34588	30656
31260	35204
33812	30892
32348	34868
33564	31108
32380	33664
33636	32592
32164	32428
33704	34212
31624	31172
33268	34492
32248	31328
33992	34184
31652	31676
33160	33276
32632	32412
32784	32176
32324	34032
32776	31268
32876	34176
32588	30836
33444	35384
31788	30160
33332	35504
32204	29148
33064	35772
31776	29412
34960	35828
29680	29760
35648	34680
29600	31344
36140	33844
29156	32588
35668	32180
30448	34432
34932	30796
30584	35184
35364	30212
30228	35452
34776	29904
30748	35976
34552	29452
31592	36468
34080	29212
30880	36556
34144	27712
32440	38220
32124	26648
33288	38504
33188	27152
32896	38100
32036	27680
33940	37292
31708	27944
32652	37784
33672	27844
31104	37816
34244	28304
31636	36240
34120	29748
31632	35744
34004	30032
30812	35616
35004	30016
30204	34720
35016	30952
30712	34052
35060	31820
30548	33404
34624	32048
30592	33804
35140	31380
29812	34092
35400	31644
30068	34028
35356	30916
30024	34764
35820	30792
30200	34636
34628	31704
31024	34036
34720	31772
31040	33464
35172	32232
30444	33348
34964	32360
30584	32932
34992	32424
30588	32676
33956	33428
31244	31868
33892	33584
32684	31256
32072	34368
33680	31552
31248	33864
33652	31964
31048	33940
34764	31104
30224	33968
34988	31076
30236	33760
35880	32312
28752	33192
37064	32120
27760	32756
37856	32660
26704	33884
38260	31704
28004	34264
37160	30756
27984	34728
37164	30980
28036	34768
38344	31336
27712	33548
37300	31976
28680	33240
36324	32580
29476	32520
35944	33292
29540	32372
36052	33020
29360	33148
36684	32256
28928	32796
36704	32596
29008	32684
35344	33156
29088	32652
36332	33040
30284	32000
33928	33948
32372	30368
33120	35908
32364	28600
32172	37064
33332	27984
31064	36792
34616	29112
30756	35888
34660	29856
29960	35408
35100	29808
30204	35624
34852	29492
31040	35828
34192	29584
32004	35788
32976	29388
33780	35936
31560	29808
33516	35160
31572	30352
33808	35324
31992	29592
33400	35100
32148	31652
33592	32744
32368	32900
32816	32868
33080	32672
32336	32724
33056	33296
32140	32304
33652	33160
32672	32972
32348	32428
32980	33608
32936	31996
32948	32904
33092	33240
32708	31212
33120	34780
32584	30732
32548	34924
32616	31208
32732	35004
33376	29740
32208	36284
33424	29496
32912	36652
32176	28896
33808	36968
32028	28692
33380	36984
32788	29256
33420	35792
31796	30652
34068	34024
31424	31140
34148	34368
31664	30612
33272	34900
32364	30768
34228	35264
31404	29404
35188	36016
30152	29096
35140	36476
30788	29136
34320	36424
31204	29928
34640	35420
30876	29996
34428	35664
31064	29852
33448	35284
31908	30208
33180	35880
32440	29864
32976	36140
33036	29008
32852	36328
32660	28712
32432	36516
32596	28808
32476	37232
32668	28492
33824	37072
31524	28368
33760	37776
32112	27676
33056	37748
32796	28636
32132	36260
33660	29444
31668	35276
33264	30384
32956	35700
32512	30392
33152	34836
32332	31536
33220	32760
32492	33544
32848	31084
32580	35100
32896	29952
32764	35020
32644	30036
33208	35496
32772	30116
32656	35108
32220	31076
33188	33692
32060	32756
33696	32076
32444	34160
33776	30728
31488	34196
34340	31700
30716	33572
35500	32160
30104	32228
35556	33124
29628	33024
36904	31504
29068	34160
36932	31176
28252	34352
37096	31692
28944	33828
36208	31644
29536	34260
36244	30444
29312	34712
35696	31272
30740	33748
33992	31792
31732	33800
33720	31628
31696	34276
33248	30636
32204	35404
32904	29524
32592	36900
32756	28028
33064	37516
32120	27268
32872	38260
32420	27396
32620	38764
32712	27840
32732	37636
33644	28136
30992	38152
35612	27876
30932	37344
34552	28744
31176	36644
34980	29036
31220	36068
34428	29588
30464	36236
34664	29208
31068	36252
34528	29412
30624	35980
34652	29204
30540	37352
34916	27312
30644	38184
34624	27672
30768	38352
34172	27028
31856	38400
33600	27088
31916	38140
33148	27208
32708	38592
32008	26436
33780	38304
30620	27400
35136	37840
30072	27800
35976	37696
29824	27032
35032	38116
30704	27468
34592	38012
30884	27312
33968	38436
30556	27180
35188	38004
31052	27508
33912	38696
32032	27056
33012	37900
33436	28416
32188	36772
32988	28460
32460	37124
32640	27572
32904	38488
32892	27292
33176	38092
32948	26336
32592	39352
33376	26048
32396	39936
33340	24956
33296	40088
32312	26112
33460	38344
31408	27180
34376	38536
31236	27164
33868	38256
31776	27524
33496	37908
32080	27528
33268	38644
31736	26408
34100	39300
31284	26428
34376	39436
31484	26076
33772	39560
32084	25552
34212	40508
32424	25272
32600	40308
33596	25336
31316	40028
34740	25756
30672	39760
34904	25852
30960	39504
34400	27112
32432	38556
32636	27372
32688	38640
32736	26760
33384	38936
31848	26580
33796	38604
31004	27076
34568	39112
30908	27060
34240	37676
31964	28080
32804	36884
32388	29176
32620	36212
32948	29464
32320	35912
33332	30120
32012	34960
33780	30540
31604	35408
33736	29948
32284	35624
32980	29596
33252	34972
32500	30620
33624	34972
31920	30580
34000	35384
32432	30588
32656	35012
33356	30784
31100	35004
34512	30592
30964	35516
35204	29648
30316	36284
35492	29800
29600	35448
35068	30972
30652	34444
34096	31056
31524	34096
33600	31324
32164	34212
33156	30304
32480	35692
32872	30444
32476	35244
33044	29592
32872	36504
32180	29024
33212	36368
32792	29516
33280	36428
32296	28652
32408	37212
33272	27748
31936	37456
33852	28108
30912	37608
34812	28264
30200	37252
35120	27916
30080	38700
34864	25844
31272	40064
34548	25396
30716	39344
34932	26124
30472	39308
34784	26716
30488	38136
36068	27208
29960	38052
34940	28408
31156	37720
34472	27852
30876	37960
34812	27484
29960	37716
35352	28496
30088	36920
35344	28728
30936	36096
34408	29344
31068	36928
34668	27872
30792	37816
34876	26912
30484	38632
34208	27308
32272	37764
32600	27296
34152	37824
30884	28100
34948	36028
29812	29528
35352	35676
30188	29908
34940	35172
30500	29588
35416	35764
30164	29552
34372	36652
30924	28888
34184	36532
30980	29148
35024	35760
30620	29796
35984	35040
28928	30912
36668	34268
28328	31296
36772	33496
29376	31764
35916	33156
29476	32032
35688	33272
30152	32276
35592	32404
29600	33996
35212	31980
30652	34284
34796	31268
30808	34268
34240	31820
30960	34308
34276	31400
30840	34000
35268	31736
30056	33896
35584	31944
29612	34380
35716	32036
29780	33312
35724	32056
29560	33528
35736	31808
30104	33984
34980	31476
31068	34120
34200	31756
31472	33468
34252	32036
31364	32912
33848	32164
32764	33724
32748	31788
32124	33920
32936	32140
31880	33716
33856	32516
31600	33424
33220	31948
32288	33188
33172	32684
32368	32564
32656	32444
32752	33272
31956	32244
33660	32832
32052	32220
33920	33220
31516	32600
33800	33628
32488	31276
32720	34604
32884	30708
32708	35248
32492	30812
33532	34824
31624	30720
34264	35104
31068	31068
34688	34572
30608	30912
35304	34652
29904	30632
35292	34912
30728	31236
34860	34296
30080	31956
35516	33844
29884	31952
35956	33552
29204	31916
36292	33120
29524	32460
36144	32452
30480	33320
34672	33152
31284	32420
34664	32824
31268	32132
34100	34260
30972	31128
34472	33876
31288	32364
33760	32528
32288	33356
32208	31236
33464	33832
32860	31956
32672	32444
32840	32544
33028	33112
32976	32760
32904	32728
33048	32856
31976	32452
33736	34364
31992	31544
32816	33624
31792	32332
33664	33192
31324	31424
34156	34144
31784	31132
33472	34228
32244	31256
33220	34592
32308	30544
33248	35780
32148	28968
33516	36868
31264	28832
34832	36396
30912	29888
34820	35352
31108	30568
34100	33772
32108	31892
33272	32980
32152	32616
33932	32868
31624	32624
33916	32412
31472	33992
34208	30844
31388	35824
33592	28808
32076	37260
33164	27464
31944	37876
33632	28020
31476	37208
34540	28772
30884	36580
34484	29424
31528	36184
34064	29064
32084	36496
34176	28312
30868	37212
35400	27664
30476	38044
34584	27936
30944	37076
35048	28392
30440	37620
35124	28144
30704	37812
34400	28348
30928	36880
34440	28472
31068	36560
33956	29132
31412	36368
34476	29100
31552	36544
33360	28872
31828	36660
34104	28940
31064	36720
34952	29040
29388	36428
36252	29900
29248	35396
35576	30064
30084	35860
35360	29932
30576	35680
34340	30140
31716	35104
33700	30476
31492	35140
33884	29796
31680	35212
34040	30060
31136	35188
34660	30084
31048	35448
35104	29796
30732	34996
35524	30468
30072	35120
35616	30212
29628	34724
35608	30608
29312	35052
36256	30596
28620	34616
36856	31176
28644	34732
36856	30876
28656	34384
36528	31204
29544	34672
35828	31304
30028	34888
35032	31064
31032	34920
34772	31200
30928	33824
34604	31168
31232	34808
33864	30940
31944	34728
34244	30580
31496	34716
34856	30960
30768	35452
34424	30276
30172	34692
35252	31420
30348	33680
35656	32280
30272	33196
35520	32956
30532	32460
34272	33076
31704	32460
33668	33880
31896	31984
33116	33256
33072	32844
31780	32280
33156	33392
32868	32088
32384	33272
32388	32864
33852	31964
32004	33660
33452	31852
31788	33924
33208	31688
32536	34304
32624	31128
33168	35132
32716	30100
33664	35144
31484	30816
33500	34612
32308	30908
33136	35048
32768	30924
33004	35580
32532	29752
33260	35664
31696	29792
34172	35608
30904	30336
34676	35412
29992	30156
35956	35108
29132	31068
36360	33668
28708	32036
36956	33600
28484	31056
37212	33932
28408	31028
37568	34224
28200	31260
36012	34300
30680	31852
34916	33340
31060	32168
33204	33840
33048	31104
32188	34508
34480	30764
30976	35376
35744	29884
29436	34756
36068	30364
29140	34432
36424	30956
28804	35052
36664	30048
28524	35208
37196	30360
27900	35552
37796	29516
28272	36228
37132	29836
29080	34916
36900	30604
29232	34340
35092	31376
30904	34444
34892	30812
30544	34936
35200	30436
30640	34952
34648	31040
31168	34496
34148	31084
31472	33656
33732	32116
32052	33028
33060	32736
32900	33300
32324	31976
32948	33388
31844	32632
34412	33380
30604	31340
35388	34472
29672	30916
36168	34460
29092	30720
35688	34612
29220	30412
35976	35168
29144	30496
35532	34704
30324	31368
35272	33468
29776	32348
35304	32668
30280	32268
35228	33464
30652	31792
34976	33960
30336	31044
35408	34468
30188	30636
35428	34596
29816	31068
35232	34732
29992	30272
36156	35124
29140	30240
36548	35216
28488	29976
36824	35472
28168	30820
36548	33716
29732	32660
34868	32520
30512	32268
34532	33284
31072	32104
35088	33804
30512	31872
34916	33260
30960	32100
35068	32884
30960	32536
34956	32956
31516	32744
33552	32488
31612	32744
34040	32760
30556	32664
35188	32860
30884	32432
34904	32952
29968	32320
35408	33452
30104	31848
36296	33624
30024	32212
36160	33596
29316	32196
36568	32352
28784	33504
36892	31004
28588	34784
36896	31264
28804	34000
36796	31472
29640	33632
35844	32536
29488	33396
36248	32432
29608	32912
35640	32780
29368	32964
35860	31352
30044	34864
34588	29912
30976	35864
34464	29376
31276	36216
34000	29724
30924	35736
35408	29052
29532	36320
36544	29860
29076	35576
36832	30240
28556	35076
36936	30796
27720	34584
37768	30392
27832	35320
37496	30000
27696	35060
37264	30072
28364	34916
37528	30684
28244	34380
37652	31096
26516	34812
38960	30344
26188	34404
