9.00847 4364 5385 8.24486 6.92952
8.34332 4017 5068 5.22036 6.95845
8.32337 3819 4857 5.70378 6.94601
8.28602 3572 4689 5.98141 7.0193
8.24065 3431 4452 5.88888 6.92952
8.21636 3375 4350 5.7869 6.88346
8.18088 3223 4151 5.85507 6.83411
8.15565 3080 3968 5.99894 6.7901
8.11522 2954 3784 5.96871 6.72263
8.08425 2874 3725 5.9108 6.74759
8.07496 2873 3775 5.82895 6.80572
8.03657 2834 3618 5.55296 6.66568
8.01102 2644 3460 5.9135 6.70564
8.00169 2698 3470 5.66296 6.65028
7.9848 2578 3290 5.88053 6.56948
7.94803 2540 3253 5.66988 6.57088
7.93952 2505 3228 5.70711 6.58479
7.93773 2529 3171 5.6058 6.46614
7.90544 2352 3003 5.8861 6.48004
7.91059 2381 3042 5.84354 6.49527
7.8842 2289 3004 5.90263 6.57368
7.84385 2215 2891 5.81413 6.51767
7.86978 2232 2965 5.95324 6.59851
7.85283 2231 2939 5.83481 6.56386
7.85787 2200 2870 5.95584 6.50877
7.82405 2198 2837 5.71043 6.46147
7.82405 2145 2791 5.87212 6.47235
7.79852 2058 2811 5.93754 6.62539
7.80751 2125 2662 5.81114 6.28786
7.76302 2053 2651 5.70044 6.39526
7.76345 2036 2608 5.7589 6.35089
7.71735 1902 2465 5.84354 6.33505
7.67833 1801 2363 5.8861 6.33328
7.69712 1866 2315 5.81711 6.10925
7.6516 1735 2322 5.9108 6.37673
7.64635 1747 2213 5.84644 6.14633
7.64874 1696 2226 5.99645 6.27476
7.64204 1704 2211 5.94017 6.23048
7.64396 1735 2215 5.86647 6.17587
7.6454 1730 2200 5.88888 6.15486
7.63385 1650 2181 6.03309 6.27664
7.5863 1631 2114 5.82895 6.18208
7.59488 1657 2138 5.80212 6.17794
7.56164 1571 2027 5.86363 6.12468
7.55171 1578 1955 5.7869 5.93489
7.5251 1531 1928 5.77765 5.98645
7.52348 1563 1941 5.66296 5.93754
7.51861 1502 1909 5.82895 6.01127
7.50108 1513 1877 5.69373 5.8999
7.50494 1494 1901 5.77765 6.01127
7.52994 1411 1931 6.11368 6.25575
7.56838 1536 1912 5.99146 5.93225
7.54327 1510 1983 5.93489 6.16121
7.58782 1601 2002 5.92158 5.99645
7.57302 1503 1942 6.09131 6.08677
7.57763 1591 1967 5.8944 5.93225
7.55747 1570 1959 5.84354 5.96615
7.5224 1499 1932 5.85793 6.07304
7.53048 1521 1923 5.83773 5.99894
7.52779 1538 2008 5.77144 6.15486
7.54168 1628 2001 5.54908 5.92426
7.52348 1545 1836 5.72359 5.67675
7.43721 1357 1688 5.83188 5.80513
7.45645 1401 1694 5.79909 5.68358
7.42297 1273 1549 5.99396 5.62402
7.40914 1270 1509 5.9428 5.48064
7.41156 1243 1543 6.02102 5.70711
7.39265 1254 1607 5.9135 5.8693
7.40974 1303 1655 5.85507 5.86647
7.42714 1338 1627 5.83773 5.66988
7.4055 1301 1627 5.84064 5.78996
7.41337 1298 1594 5.8861 5.69373
7.42774 1314 1647 5.90808 5.81114
7.39634 1303 1570 5.78996 5.59099
7.37463 1239 1558 5.87493 5.76832
7.40853 1299 1621 5.86079 5.77765
7.37588 1280 1517 5.7589 5.47227
7.39203 1265 1562 5.88053 5.69709
7.38647 1293 1540 5.77144 5.51343
7.35308 1199 1529 5.89164 5.80212
7.38647 1284 1530 5.79909 5.50939
7.37776 1262 1582 5.82305 5.77144
7.37651 1312 1498 5.65599 5.23111
7.39142 1272 1612 5.85793 5.83188
7.37023 1302 1544 5.65599 5.49306
7.35628 1236 1506 5.79909 5.60212
7.39018 1258 1565 5.89164 5.7301
7.34859 1233 1498 5.77144 5.5835
7.37337 1285 1470 5.7301 5.22575
7.32251 1171 1424 5.83773 5.53733
7.31122 1207 1345 5.66988 4.93447
7.29709 1132 1296 5.84064 5.10595
7.26263 1098 1262 5.79301 5.10595
7.27517 1102 1296 5.83481 5.273
7.29302 1162 1299 5.7301 4.92725
7.257 1117 1333 5.70711 5.3799
7.23201 1068 1262 5.75257 5.273
7.22475 1022 1253 5.86079 5.44674
7.26193 1099 1276 5.7869 5.18178
7.2385 1033 1264 5.88332 5.44674
7.23778 1057 1212 5.81114 5.04986
7.22984 1049 1290 5.80212 5.48894
7.25488 1095 1256 5.76832 5.0876
7.23273 1087 1309 5.69373 5.40717
7.25488 1068 1346 5.84932 5.63121
7.24351 1132 1316 5.58725 5.22036
7.26473 1132 1373 5.69373 5.48894
7.27725 1213 1366 5.45532 5.03695
7.23562 1091 1325 5.69373 5.45959
7.24065 1080 1250 5.75257 5.14166
7.19669 1030 1177 5.72031 4.99721
7.18917 999 1182 5.7869 5.21494
7.17012 947 1136 5.86647 5.24702
7.16317 931 1112 5.8861 5.20401
7.15774 921 1110 5.8944 5.24702
7.1317 905 1073 5.84644 5.1299
7.1325 896 1102 5.87493 5.33272
7.15149 950 1117 5.7869 5.12396
7.14362 907 1101 5.88332 5.273
7.16472 932 1176 5.88888 5.50126
7.17396 922 1141 5.94803 5.39363
7.18007 969 1218 5.84064 5.52146
7.19744 1001 1210 5.81413 5.34711
7.23056 1057 1210 5.78074 5.03695
7.20638 1021 1241 5.78996 5.39816
7.18463 1002 1157 5.7589 5.04986
7.19218 1011 1199 5.76205 5.24175
7.15149 902 1150 5.92426 5.51745
7.21082 974 1155 5.94017 5.20401
7.14362 915 1146 5.86079 5.44674
7.14283 903 1137 5.89164 5.45959
7.14677 930 1144 5.82895 5.37064
7.16704 934 1139 5.89164 5.32788
7.13728 891 1099 5.90536 5.34233
7.12206 878 1069 5.88888 5.2575
7.1107 949 1022 5.6204 4.30407
7.09008 857 1002 5.83773 4.98361
7.07072 857 1029 5.76832 5.15329
7.07157 830 1034 5.8522 5.32301
7.08171 866 1089 5.78074 5.41165
7.08506 901 1020 5.68017 4.78749
7.05531 819 975 5.82895 5.05625
7.04054 846 897 5.69036 3.95124
7.00851 721 854 5.95324 4.89784
7.03086 785 873 5.84644 4.48864
6.97541 782 869 5.66296 4.47734
7.00125 795 859 5.71373 4.17439
6.96697 720 856 5.83188 4.91998
6.97261 812 823 5.54126 2.48491
6.9613 773 836 5.64191 4.15888
6.93731 709 775 5.77144 4.20469
6.91274 736 824 5.59471 4.48864
6.91274 718 768 5.65948 3.93183
6.94409 754 840 5.64545 4.46591
6.87626 738 794 5.44242 4.04305
6.89061 726 735 5.54908 2.30259
6.83626 689 695 5.48894 1.94591
6.85646 704 693 5.50533 2.48491
6.80904 651 643 5.54126 2.19722
6.80793 626 668 5.63121 3.7612
6.85961 672 672 5.63835 0
6.85961 672 716 5.63835 3.80666
6.87626 686 751 5.64545 4.18965
6.87833 719 738 5.52943 2.99573
6.86276 721 734 5.45959 2.63906
6.86797 703 684 5.55296 2.99573
6.83518 665 677 5.57973 2.56495
6.82111 674 644 5.49306 3.43399
6.79682 618 611 5.62402 2.07944
6.77878 587 611 5.67675 3.21888
6.78219 622 581 5.56068 3.73767
6.74052 573 593 5.60947 3.04452
6.75577 588 591 5.60212 1.38629
6.76964 607 582 5.57595 3.2581
6.82002 639 624 5.62402 2.77259
6.80128 627 652 5.6058 3.2581
6.81783 643 631 5.60212 2.56495
6.83841 650 642 5.64545 2.19722
6.84694 668 718 5.60947 3.93183
6.86589 656 704 5.71373 3.89182
6.91274 720 725 5.65249 1.79176
6.86171 683 686 5.6058 1.38629
6.83948 695 706 5.47646 2.48491
6.84268 693 720 5.49717 3.3322
6.8222 647 698 5.60212 3.95124
6.89264 729 729 5.54518 0
6.86276 680 724 5.6204 3.80666
6.86485 738 717 5.39363 3.09104
6.86276 663 712 5.68017 3.91202
6.86797 701 706 5.56068 1.79176
6.85646 657 743 5.68017 4.46591
6.89871 726 787 5.57973 4.12713
6.89871 739 805 5.52943 4.20469
6.86276 704 754 5.52943 3.93183
6.88959 712 810 5.59842 4.59512
6.89366 740 798 5.50533 4.07754
6.88755 710 750 5.59842 3.71357
6.92756 704 768 5.75574 4.17439
6.89568 632 801 5.87493 5.1358
6.9489 721 787 5.77144 4.20469
6.92658 714 779 5.72031 4.18965
6.92264 663 796 5.86363 4.89784
6.88346 697 723 5.63121 3.29584
6.86797 662 697 5.70044 3.58352
6.87213 643 640 5.77455 1.38629
6.90575 635 751 5.8944 4.76217
6.92461 742 711 5.61677 3.46574
6.88038 629 689 5.84064 4.11087
6.90975 702 698 5.70378 1.60944
6.88755 648 671 5.80513 3.17805
6.87936 679 642 5.68017 3.63759
6.8742 589 649 5.93489 4.11087
6.90375 666 670 5.79909 1.60944
6.88346 630 680 5.84644 3.93183
6.93147 672 706 5.86363 3.55535
6.89163 644 669 5.82895 3.2581
6.91771 701 722 5.73334 3.09104
6.8533 649 659 5.69709 2.3979
6.84588 626 684 5.74939 4.07754
6.8773 634 663 5.81711 3.4012
6.84801 603 635 5.826 3.49651
6.85541 658 633 5.67332 3.2581
6.83626 609 637 5.77455 3.3673
6.85857 638 620 5.74939 2.94444
6.78219 546 544 5.81711 1.09861
6.79794 552 582 5.84064 3.43399
6.77765 570 567 5.7301 1.38629
6.80239 563 578 5.82008 2.77259
6.76964 583 565 5.66296 2.94444
6.77765 552 582 5.7869 3.43399
6.77992 574 567 5.72359 2.07944
6.78219 587 578 5.68698 2.30259
6.75344 551 581 5.72359 3.43399
6.78219 518 559 5.89715 3.73767
6.77079 539 552 5.80814 2.63906
6.79682 541 611 5.8693 4.26268
6.80461 572 624 5.79909 3.97029
6.80904 604 577 5.71043 3.3322
6.78446 547 608 5.82008 4.12713
6.80128 521 553 5.93489 3.49651
6.77765 522 594 5.87493 4.29046
6.82871 568 593 5.87493 3.2581
6.79122 523 592 5.90536 4.2485
6.80793 523 652 5.94542 4.86753
6.8222 579 637 5.826 4.07754
6.81892 594 645 5.77144 3.95124
6.82763 571 643 5.86363 4.29046
6.80904 586 617 5.76832 3.46574
6.77765 537 566 5.83188 3.4012
6.77651 497 560 5.94017 4.15888
6.78672 501 594 5.95324 4.54329
6.78106 561 582 5.76832 3.09104
6.77992 527 608 5.86647 4.40672
6.80793 595 599 5.73657 1.60944
6.76388 544 588 5.77455 3.80666
6.80461 570 617 5.80513 3.8712
6.79122 563 586 5.78996 3.17805
6.76734 545 593 5.78074 3.89182
6.76388 544 601 5.77455 4.06044
6.77765 539 598 5.826 4.09434
6.79906 581 655 5.75574 4.31749
6.80017 568 631 5.79909 4.15888
6.82871 587 658 5.82008 4.27667
6.81892 591 643 5.78074 3.97029
6.81344 594 655 5.75574 4.12713
6.80017 597 669 5.70711 4.29046
6.80351 606 644 5.68698 3.66356
6.76273 536 605 5.79606 4.2485
6.79234 529 630 5.89164 4.62497
6.80017 595 626 5.71373 3.46574
6.79682 561 623 5.81114 4.14313
6.81344 598 619 5.743 3.09104
6.78446 585 682 5.70044 4.58497
6.79906 589 649 5.7301 4.11087
6.80017 588 629 5.73657 3.73767
6.79347 583 656 5.73334 4.30407
6.82763 597 638 5.7869 3.73767
6.81344 545 631 5.8999 4.46591
6.83195 586 652 5.83188 4.20469
6.83626 592 663 5.826 4.27667
6.81454 589 641 5.77455 3.97029
6.80239 546 615 5.8693 4.2485
6.81344 581 619 5.79606 3.66356
6.79459 560 601 5.80814 3.73767
6.73697 523 584 5.76832 4.12713
6.7546 515 551 5.83773 3.61092
6.72503 486 565 5.84932 4.38203
6.7417 481 532 5.90263 3.95124
6.7546 479 597 5.93754 4.77912
6.76734 548 576 5.77144 3.3673
6.75577 478 565 5.9428 4.47734
6.79459 553 574 5.82895 3.09104
6.71174 483 559 5.826 4.34381
6.77651 542 582 5.81413 3.71357
6.75577 526 592 5.80814 4.20469
6.75809 522 569 5.826 3.8712
6.74406 517 574 5.80513 4.06044
6.75227 489 572 5.90536 4.43082
6.77194 531 621 5.83481 4.51086
6.76849 552 627 5.76205 4.33073
6.80904 571 638 5.81413 4.21951
6.76964 535 620 5.81711 4.45435
6.78446 565 634 5.76519 4.2485
6.73459 553 572 5.66296 2.99573
6.74759 547 570 5.72031 3.17805
6.73221 541 569 5.69709 3.3673
6.7334 514 557 5.7869 3.78419
6.70686 497 546 5.77144 3.91202
6.73697 525 583 5.76205 4.07754
6.73102 466 570 5.91889 4.65396
6.72143 544 549 5.65599 1.79176
6.6995 467 524 5.84354 4.06044
6.7178 485 536 5.83481 3.95124
6.69456 453 494 5.87212 3.73767
6.64249 409 443 5.88053 3.55535
6.65929 400 481 5.94017 4.40672
6.67708 423 485 5.9162 4.14313
6.69084 420 489 5.95324 4.2485
6.71538 441 505 5.95064 4.17439
6.71417 466 476 5.88053 2.3979
6.72863 460 512 5.92959 3.97029
6.73102 502 523 5.81711 3.09104
6.73102 507 543 5.80212 3.61092
6.6958 494 499 5.75257 1.79176
6.72503 501 508 5.80513 2.07944
6.71174 487 508 5.81413 3.09104
6.72503 511 520 5.77455 2.30259
6.68211 455 493 5.83773 3.66356
6.6958 482 484 5.78996 1.09861
6.67834 438 503 5.87774 4.18965
6.72022 469 466 5.8861 1.38629
6.65673 413 489 5.8999 4.34381
6.69084 456 474 5.85507 2.94444
6.66058 444 482 5.82008 3.66356
6.68085 448 455 5.85507 2.07944
6.68336 443 465 5.87493 3.13549
6.68211 398 472 5.99146 4.31749
6.67708 460 459 5.81114 0.693147
6.67456 427 437 5.8999 2.3979
6.66313 424 441 5.88332 2.89037
6.68586 443 458 5.88053 2.77259
6.64379 403 448 5.8999 3.82864
6.66058 411 436 5.9135 3.2581
6.65415 395 417 5.9428 3.13549
6.59441 354 376 5.93225 3.13549
6.608 362 360 5.93754 1.09861
6.63726 396 373 5.90536 3.17805
6.58893 371 364 5.87493 2.07944
6.58755 367 347 5.88332 3.04452
6.56103 342 306 5.8999 3.61092
6.57508 358 340 5.88332 2.94444
6.54965 356 359 5.83773 1.38629
6.57228 367 363 5.8522 1.60944
6.57925 398 396 5.77455 1.09861
6.59851 418 393 5.75574 3.2581
6.59851 399 418 5.81413 2.99573
6.60259 415 441 5.77455 3.29584
6.62007 416 429 5.81114 2.63906
6.59304 401 415 5.79606 2.70805
6.608 440 420 5.70711 3.04452
6.57228 398 390 5.7589 2.19722
6.55251 394 392 5.72685 1.09861
6.54965 386 374 5.7462 2.56495
6.52356 360 358 5.77144 1.09861
6.53233 354 341 5.80814 2.63906
6.52062 353 349 5.7869 1.60944
6.50728 352 346 5.76205 1.94591
6.51323 350 345 5.78074 1.79176
6.52503 367 343 5.75257 3.21888
6.49375 370 324 5.67332 3.85015
6.53524 376 327 5.7462 3.91202
6.50279 357 339 5.73657 2.94444
6.53379 366 325 5.77455 3.73767
6.4677 317 347 5.78996 3.43399
6.52356 376 335 5.72031 3.73767
6.51175 371 351 5.71043 3.04452
6.53959 380 358 5.743 3.13549
6.51915 356 347 5.77455 2.30259
6.51619 377 348 5.70044 3.4012
6.56386 375 344 5.81114 3.46574
6.53088 359 335 5.78996 3.21888
6.52649 346 333 5.82008 2.63906
6.54391 383 373 5.743 2.3979
6.53959 352 373 5.82895 3.09104
6.63857 435 387 5.79606 3.89182
6.56948 432 414 5.63835 2.94444
6.57786 408 430 5.73979 3.13549
6.57228 422 421 5.68017 0.693147
6.56667 407 435 5.71703 3.3673
6.55678 416 398 5.66296 2.94444
6.57368 426 408 5.66988 2.94444
6.54822 412 372 5.65599 3.71357
6.49828 362 326 5.71043 3.61092
6.49224 360 354 5.70378 1.94591
6.49224 376 359 5.64897 2.89037
6.49828 355 326 5.73334 3.4012
6.51175 353 336 5.76832 2.89037
6.53088 389 349 5.69373 3.71357
6.46925 342 312 5.71373 3.43399
6.52649 354 352 5.79606 1.09861
6.49072 344 331 5.75257 2.63906
6.4599 339 339 5.70378 0
6.51619 384 368 5.67675 2.83321
6.50129 380 401 5.65599 3.09104
6.53669 385 410 5.72031 3.2581
6.56386 381 410 5.79301 3.4012
6.55393 403 415 5.70044 2.56495
6.56667 394 418 5.7589 3.21888
6.57228 388 393 5.78996 1.79176
6.56948 381 408 5.80513 3.3322
6.61473 425 445 5.77144 3.04452
6.53233 376 404 5.73979 3.3673
6.56667 394 407 5.7589 2.63906
6.53233 391 373 5.69036 2.94444
6.51915 360 334 5.76205 3.29584
6.50429 318 337 5.85793 2.99573
6.47389 317 328 5.80212 2.48491
6.47543 327 304 5.77455 3.17805
6.43615 293 289 5.80212 1.60944
6.45047 308 295 5.78383 2.63906
6.44095 315 271 5.743 3.80666
6.45834 322 291 5.75574 3.46574
6.38012 291 259 5.70044 3.49651
6.38856 256 250 5.826 1.94591
6.40192 278 249 5.78383 3.4012
6.40853 275 270 5.80513 1.79176
6.39693 285 271 5.75257 2.70805
6.42162 292 293 5.77765 0.693147
6.41182 309 283 5.70378 3.29584
6.39693 296 252 5.71703 3.80666
6.39359 280 251 5.76205 3.4012
6.40026 277 260 5.78383 2.89037
6.4151 305 293 5.72359 2.56495
6.43294 324 296 5.69709 3.3673
6.40688 296 293 5.73657 1.38629
6.42649 313 277 5.72031 3.61092
6.39859 300 307 5.70711 2.07944
6.43775 303 296 5.77455 2.07944
6.4552 317 325 5.76519 2.19722
6.50877 342 381 5.79606 3.68888
6.47543 327 360 5.77455 3.52636
6.52503 389 351 5.68017 3.66356
6.48158 328 335 5.78383 2.07944
6.49677 335 334 5.79301 0.693147
6.49828 313 328 5.86079 2.77259
6.4599 297 323 5.83481 3.29584
6.51619 354 326 5.77455 3.3673
6.48311 316 347 5.82305 3.46574
6.49828 355 319 5.73334 3.61092
6.46614 324 314 5.76519 2.3979
6.48768 332 315 5.78383 2.89037
6.43133 295 275 5.7869 3.04452
6.41017 286 256 5.77455 3.43399
6.42972 280 275 5.82895 1.79176
6.43615 297 280 5.78996 2.89037
6.46925 319 310 5.7869 2.30259
6.44254 283 265 5.84354 2.94444
6.42811 286 268 5.80814 2.94444
6.42487 304 258 5.7462 3.85015
6.42487 310 280 5.72685 3.43399
6.42162 300 260 5.75257 3.71357
6.4151 298 244 5.7462 4.00733
6.44731 308 269 5.77765 3.68888
6.38519 279 258 5.74939 3.09104
6.42649 291 268 5.78996 3.17805
6.42811 289 251 5.79909 3.66356
6.41999 284 265 5.79909 2.99573
6.42972 301 264 5.76519 3.63759
6.40192 255 239 5.8522 2.83321
6.41999 276 224 5.82305 3.97029
6.42325 246 209 5.9135 3.63759
6.4552 277 247 5.88332 3.43399
6.47543 304 267 5.84354 3.63759
6.45677 305 293 5.80513 2.56495
6.47697 338 283 5.743 4.02535
6.44254 283 282 5.84354 0.693147
6.45047 315 286 5.76205 3.4012
6.43294 285 278 5.82008 2.07944
6.44095 305 269 5.77455 3.61092
6.42325 278 280 5.82305 1.09861
6.45834 304 283 5.81114 3.09104
6.41673 285 274 5.78996 2.48491
6.46303 313 291 5.79301 3.13549
6.41346 284 269 5.7869 2.77259
6.45834 283 266 5.87212 2.89037
6.46925 309 296 5.81711 2.63906
6.51915 347 319 5.80212 3.3673
6.46303 328 323 5.7462 1.79176
6.46303 299 298 5.83481 0.693147
6.4892 321 295 5.82008 3.29584
6.45362 290 277 5.84354 2.63906
6.44413 295 259 5.81114 3.61092
6.44572 288 261 5.83481 3.3322
6.42649 277 272 5.83188 1.79176
6.43455 265 257 5.88053 2.19722
6.45205 292 280 5.83481 2.56495
6.42972 280 270 5.82895 2.3979
6.42972 270 242 5.85793 3.3673
6.42325 276 243 5.82895 3.52636
6.41017 265 252 5.83773 2.63906
6.40192 267 249 5.81711 2.94444
6.42972 264 279 5.87493 2.77259
6.4677 309 275 5.81413 3.55535
6.45677 296 286 5.83188 2.3979
6.47851 310 301 5.83188 2.30259
6.4599 325 304 5.74939 3.09104
6.51026 339 318 5.80814 3.09104
6.49072 363 323 5.69036 3.71357
6.51323 336 338 5.82305 1.09861
6.52796 356 343 5.79301 2.63906
6.49828 343 360 5.77144 2.89037
6.51471 355 333 5.76832 3.13549
6.49224 356 300 5.71703 4.04305
6.46147 326 292 5.74939 3.55535
6.44889 302 279 5.79909 3.17805
6.4552 283 304 5.86647 3.09104
6.46925 315 281 5.79909 3.55535
6.50728 326 330 5.84064 1.60944
6.4677 324 307 5.76832 2.89037
6.46147 279 269 5.88888 2.3979
6.48464 290 289 5.8999 0.693147
6.48158 309 282 5.84064 3.3322
6.44254 255 278 5.92158 3.17805
6.4599 317 276 5.77455 3.73767
6.41346 279 239 5.80212 3.71357
6.39859 242 233 5.88332 2.30259
6.38182 245 238 5.84644 2.07944
6.40688 267 243 5.826 3.21888
6.38519 258 226 5.81413 3.49651
6.40523 288 229 5.7589 4.09434
6.40192 267 230 5.81711 3.63759
6.42649 321 267 5.69373 4.00733
6.42811 288 258 5.80212 3.43399
6.38856 296 250 5.70044 3.85015
6.43133 304 259 5.7589 3.82864
6.40853 291 256 5.75574 3.58352
6.43294 311 277 5.73979 3.55535
6.44413 316 257 5.7462 4.09434
6.45047 311 269 5.77455 3.7612
6.4552 328 271 5.7301 4.06044
6.42972 281 267 5.826 2.70805
6.45677 316 262 5.77144 4.00733
6.40523 274 246 5.80212 3.3673
6.43133 298 272 5.77765 3.29584
6.47543 318 282 5.80212 3.61092
6.46925 338 296 5.72685 3.7612
6.46925 336 302 5.73334 3.55535
6.45677 306 271 5.80212 3.58352
6.42811 297 289 5.77455 2.19722
6.4552 332 278 5.71703 4.00733
6.44889 300 274 5.80513 3.29584
6.50728 366 311 5.71703 4.02535
6.44254 325 259 5.71373 4.20469
6.43133 320 244 5.70711 4.34381
6.43775 294 262 5.80212 3.49651
6.42811 300 258 5.76519 3.7612
6.45362 308 267 5.78996 3.73767
6.43775 317 279 5.7301 3.66356
6.49527 346 289 5.75574 4.06044
6.45834 337 297 5.70711 3.71357
6.46925 340 281 5.72031 4.09434
6.45047 315 286 5.76205 3.4012
6.48311 345 309 5.73334 3.61092
6.48158 350 299 5.71373 3.95124
6.50279 333 327 5.81114 1.94591
6.50129 346 322 5.76832 3.21888
6.51026 350 315 5.77455 3.58352
6.53959 367 315 5.78383 3.97029
6.52356 332 322 5.85507 2.3979
6.52942 350 334 5.81413 2.83321
6.52942 346 326 5.826 3.04452
6.49677 342 332 5.77144 2.3979
6.53524 404 359 5.65249 3.82864
6.51471 353 357 5.77455 1.60944
6.53379 384 347 5.71703 3.63759
6.54535 385 367 5.73979 2.94444
6.53814 372 364 5.76519 2.19722
6.56386 398 406 5.73979 2.19722
6.58341 424 412 5.70044 2.56495
6.53524 382 398 5.72685 2.83321
6.55251 388 354 5.7462 3.55535
6.53524 366 383 5.77765 2.89037
6.52942 361 366 5.78074 1.79176
6.49828 357 348 5.72685 2.30259
6.53524 373 333 5.75574 3.71357
6.50429 336 347 5.80513 2.48491
6.48311 353 341 5.70711 2.56495
6.48158 354 331 5.70044 3.17805
6.50279 357 310 5.73657 3.8712
6.48311 355 322 5.70044 3.52636
6.50578 329 337 5.82895 2.19722
6.51323 334 330 5.82895 1.60944
6.51323 358 343 5.75574 2.77259
6.55108 367 359 5.80814 2.19722
6.54679 364 367 5.80814 1.38629
6.53814 361 372 5.79909 2.48491
6.53669 359 359 5.80212 0
6.54103 384 386 5.73334 1.09861
6.57228 418 401 5.69373 2.89037
6.51767 381 367 5.69036 2.70805
6.52209 402 328 5.62762 4.31749
6.49224 356 334 5.71703 3.13549
6.48311 344 299 5.73657 3.82864
6.4708 347 324 5.70044 3.17805
6.49072 365 324 5.68358 3.73767
6.43294 311 296 5.73979 2.77259
6.45047 341 262 5.67675 4.38203
6.40357 295 217 5.73334 4.36945
6.37502 286 216 5.70711 4.26268
6.36819 280 215 5.71373 4.18965
6.35784 279 203 5.69709 4.34381
6.35263 260 201 5.74939 4.09434
6.35263 269 204 5.72031 4.18965
6.34036 261 189 5.72359 4.29046
6.32794 248 192 5.743 4.04305
6.35957 256 200 5.77455 4.04305
6.33859 244 185 5.77455 4.09434
6.32794 235 176 5.78383 4.09434
6.32615 227 193 5.80513 3.55535
6.36647 266 200 5.75574 4.20469
6.30992 248 198 5.71043 3.93183
6.33505 238 197 5.7869 3.73767
6.30992 237 198 5.7462 3.68888
6.35089 271 211 5.71043 4.11087
6.32794 250 194 5.73657 4.04305
6.31355 250 177 5.71043 4.30407
6.30628 229 184 5.76519 3.82864
6.31897 245 184 5.73657 4.12713
6.32436 221 179 5.82008 3.7612
6.33328 232 216 5.80212 2.83321
6.37843 274 237 5.75257 3.63759
6.35089 255 225 5.76205 3.43399
6.34564 266 240 5.71703 3.29584
6.35957 292 243 5.65599 3.91202
6.32077 261 191 5.68698 4.26268
6.31173 246 182 5.72031 4.17439
6.30079 222 169 5.77765 3.98898
6.286 219 173 5.76205 3.85015
6.27664 212 150 5.76832 4.14313
6.26149 196 148 5.79301 3.89182
6.27664 194 166 5.82305 3.3673
6.28786 228 165 5.73657 4.15888
6.28413 211 177 5.78383 3.55535
6.31173 246 172 5.72031 4.31749
6.27476 206 176 5.78383 3.43399
6.27852 212 142 5.77144 4.26268
6.30079 224 179 5.77144 3.82864
6.30445 227 168 5.76832 4.09434
6.31716 243 189 5.73979 4.00733
6.3081 236 194 5.7462 3.7612
6.31173 246 182 5.72031 4.17439
6.30445 230 198 5.7589 3.49651
6.33683 248 203 5.7589 3.82864
6.3613 249 193 5.79909 4.04305
6.28413 224 170 5.743 4.00733
6.30992 222 195 5.79301 3.3322
6.32794 235 193 5.78383 3.7612
6.34388 242 195 5.78996 3.8712
6.35437 239 221 5.81711 2.94444
6.34914 284 211 5.66296 4.30407
6.34212 255 212 5.7462 3.78419
6.34388 259 209 5.73657 3.93183
6.32077 252 185 5.71703 4.21951
6.29527 233 193 5.73334 3.71357
6.30445 220 190 5.78996 3.43399
6.31897 256 191 5.70044 4.18965
6.31173 239 203 5.743 3.61092
6.34212 238 201 5.79909 3.63759
6.29157 223 196 5.7589 3.3322
6.31536 227 157 5.7869 4.26268
6.29527 232 165 5.73657 4.21951
6.30992 251 195 5.70044 4.04305
6.3081 220 221 5.79606 0.693147
6.38519 297 231 5.69036 4.20469
6.33859 272 222 5.68358 3.93183
6.35611 274 223 5.71043 3.95124
6.33859 251 203 5.75257 3.89182
6.30445 240 185 5.72685 4.02535
6.3081 223 179 5.7869 3.80666
6.29157 236 194 5.71703 3.7612
6.24222 206 156 5.7301 3.93183
6.23441 200 131 5.73657 4.2485
6.24222 189 113 5.78383 4.34381
6.24028 174 122 5.826 3.97029
6.2672 200 138 5.78996 4.14313
6.2634 212 132 5.7462 4.39445
6.27476 200 136 5.80212 4.17439
6.27099 208 144 5.77144 4.17439
6.28972 230 156 5.73334 4.31749
6.27099 220 144 5.73334 4.34381
6.27476 224 131 5.72685 4.54329
6.24028 191 123 5.77455 4.23411
6.23832 190 115 5.77455 4.33073
6.23048 187 122 5.77144 4.18965
6.25575 187 126 5.81114 4.12713
6.23441 183 125 5.78996 4.07754
6.28227 208 137 5.78996 4.27667
6.2672 203 136 5.78074 4.21951
6.26149 207 120 5.7589 4.47734
6.22059 175 115 5.79301 4.11087
6.23832 178 98 5.81114 4.39445
6.23441 176 95 5.81114 4.40672
6.22654 183 86 5.77765 4.58497
6.22456 171 99 5.81114 4.29046
6.22258 182 113 5.77455 4.2485
6.25767 189 133 5.80814 4.04305
6.2634 220 161 5.72031 4.09434
6.28227 223 160 5.743 4.15888
6.2653 215 143 5.73979 4.29046
6.22851 194 124 5.7462 4.26268
6.20859 182 125 5.75257 4.06044
6.22059 181 120 5.77455 4.12713
6.22654 181 108 5.78383 4.30407
6.24028 201 119 5.743 4.41884
6.25383 190 120 5.79909 4.26268
6.23441 194 126 5.75574 4.23411
6.2653 196 140 5.79909 4.04305
6.27664 212 156 5.76832 4.04305
6.27288 214 166 5.75574 3.89182
6.33859 254 174 5.743 4.39445
6.29157 232 175 5.7301 4.06044
6.29157 229 153 5.73979 4.34381
6.27476 212 139 5.76519 4.30407
6.27476 223 139 5.7301 4.44265
6.28786 234 149 5.71703 4.45435
6.23441 197 140 5.7462 4.06044
6.2672 213 137 5.74939 4.34381
6.21461 198 114 5.71043 4.44265
6.2186 186 130 5.75574 4.04305
6.22258 210 124 5.68358 4.46591
6.2106 200 120 5.69709 4.39445
6.19032 190 102 5.69709 4.48864
6.22258 202 112 5.71043 4.51086
6.18621 180 92 5.72359 4.48864
6.17379 164 81 5.75574 4.43082
6.18621 165 98 5.77144 4.21951
6.20051 179 103 5.74939 4.34381
6.20254 190 114 5.71703 4.34381
6.23441 210 126 5.70378 4.44265
6.22258 210 154 5.68358 4.04305
6.23832 232 155 5.63479 4.35671
6.2186 195 151 5.72685 3.80666
6.2672 240 151 5.65948 4.49981
6.24804 205 168 5.743 3.63759
6.26149 229 174 5.68698 4.02535
6.2519 243 188 5.6204 4.02535
6.29895 223 186 5.77144 3.63759
6.31897 255 203 5.70378 3.97029
6.29527 244 208 5.69709 3.61092
6.31716 252 186 5.71043 4.20469
6.29895 236 162 5.7301 4.31749
6.31355 242 200 5.73657 3.7612
6.33505 262 210 5.71043 3.97029
6.36647 276 234 5.72359 3.7612
6.39024 294 222 5.71043 4.29046
6.34564 256 208 5.74939 3.89182
6.32436 226 195 5.80513 3.46574
6.30262 219 176 5.78996 3.78419
6.31536 201 180 5.86363 3.09104
6.35957 245 213 5.80814 3.49651
6.34036 250 245 5.7589 1.79176
6.40853 299 255 5.7301 3.80666
6.39693 306 249 5.68358 4.06044
6.3699 311 270 5.60947 3.73767
6.44731 329 305 5.71043 3.21888
6.40688 284 281 5.77455 1.38629
6.41999 299 287 5.75257 2.56495
6.44731 304 272 5.78996 3.49651
6.43455 302 248 5.77144 4.00733
6.42162 292 288 5.77765 1.60944
6.45362 322 274 5.7462 3.89182
6.42487 284 267 5.80814 2.89037
6.45047 331 268 5.71043 4.15888
6.39359 289 271 5.73334 2.94444
6.41836 318 274 5.68698 3.80666
6.43775 314 265 5.73979 3.91202
6.45677 333 278 5.71703 4.02535
6.40026 287 268 5.75257 2.99573
6.41836 307 248 5.72359 4.09434
6.42649 289 254 5.79606 3.58352
6.43455 305 283 5.76205 3.13549
6.41673 278 270 5.81114 2.19722
6.41673 298 277 5.74939 3.09104
6.42325 293 266 5.77765 3.3322
6.42162 303 257 5.743 3.85015
6.38012 264 240 5.7869 3.21888
6.38688 258 234 5.81711 3.21888
6.37673 278 210 5.73657 4.23411
6.37673 254 203 5.81114 3.95124
6.3699 245 212 5.826 3.52636
6.39192 261 216 5.81711 3.82864
6.40688 277 235 5.79606 3.7612
6.41182 288 259 5.77144 3.4012
6.43133 321 278 5.70378 3.78419
6.40357 307 270 5.69373 3.63759
6.41182 277 251 5.80513 3.29584
6.43294 306 255 5.75574 3.95124
6.39024 289 248 5.72685 3.73767
6.39192 277 249 5.76832 3.3673
6.40357 288 259 5.75574 3.4012
6.39359 283 212 5.75257 4.27667
6.42162 285 225 5.79909 4.11087
6.3699 254 222 5.79909 3.49651
6.39024 274 226 5.77455 3.89182
6.39359 260 248 5.82305 2.56495
6.42649 300 252 5.76205 3.89182
6.44889 278 300 5.8693 3.13549
6.43935 324 281 5.71043 3.78419
6.43935 289 261 5.82008 3.3673
6.4151 312 258 5.70044 4.00733
6.45362 316 283 5.76519 3.52636
6.42811 341 260 5.62762 4.40672
6.41017 275 243 5.80814 3.49651
6.43455 302 229 5.77144 4.30407
6.40853 251 248 5.87493 1.38629
6.44889 301 261 5.80212 3.71357
6.43455 308 267 5.75257 3.73767
6.44095 317 272 5.73657 3.82864
6.40688 291 253 5.75257 3.66356
6.39859 280 248 5.77144 3.49651
6.41182 280 237 5.79606 3.78419
6.39526 295 235 5.71703 4.11087
6.42972 298 260 5.77455 3.66356
6.40688 274 254 5.80513 3.04452
6.43615 306 259 5.76205 3.8712
6.44254 297 264 5.80212 3.52636
6.44413 327 277 5.71043 3.93183
6.44572 298 296 5.80513 1.09861
6.4708 330 272 5.75574 4.07754
6.46147 302 292 5.82305 2.3979
6.44889 324 279 5.7301 3.82864
6.44572 295 257 5.81413 3.66356
6.47851 302 263 5.85507 3.68888
6.45047 307 274 5.7869 3.52636
6.4708 331 280 5.75257 3.95124
6.46303 319 260 5.77455 4.09434
6.40357 275 233 5.79606 3.7612
6.35784 268 209 5.73334 4.09434
6.31897 251 185 5.71703 4.20469
6.29157 240 190 5.70378 3.93183
6.29895 230 157 5.74939 4.30407
6.30628 225 149 5.77765 4.34381
6.3081 220 159 5.79606 4.12713
6.286 225 151 5.743 4.31749
6.27288 214 141 5.75574 4.30407
6.29527 219 148 5.77765 4.27667
6.28227 219 157 5.75574 4.14313
6.28786 208 151 5.79909 4.06044
6.30992 217 164 5.80814 3.98898
6.30445 231 174 5.75574 4.06044
6.33859 247 180 5.76519 4.21951
6.3613 267 219 5.743 3.89182
6.36647 274 252 5.7301 3.13549
6.39024 304 237 5.67675 4.21951
6.38351 267 232 5.78383 3.58352
6.41836 289 243 5.78074 3.85015
6.38688 250 213 5.84064 3.63759
6.41346 275 242 5.81413 3.52636
6.40523 269 247 5.81711 3.13549
6.42649 296 261 5.77455 3.58352
6.39693 289 262 5.73979 3.3322
6.35784 281 224 5.69036 4.06044
6.35611 251 196 5.78383 4.02535
6.36819 257 207 5.7869 3.93183
6.37673 280 215 5.7301 4.18965
6.39024 261 215 5.81413 3.85015
6.39859 276 210 5.78383 4.20469
6.35437 266 183 5.73334 4.43082
6.35784 257 207 5.76832 3.93183
6.36303 282 196 5.69709 4.46591
6.33859 262 187 5.71703 4.33073
6.36647 265 177 5.7589 4.48864
6.32615 254 186 5.72031 4.23411
6.34739 248 187 5.77765 4.12713
6.35089 253 199 5.76832 4.00733
6.38351 276 204 5.75574 4.29046
6.35957 270 205 5.7301 4.18965
6.35263 283 209 5.67332 4.31749
6.3081 258 202 5.67332 4.04305
6.34388 250 178 5.76519 4.29046
6.31173 250 178 5.70711 4.29046
6.34036 256 196 5.73979 4.11087
6.33328 236 191 5.78996 3.82864
6.3613 251 216 5.79301 3.58352
6.33505 245 217 5.76519 3.3673
6.3613 270 210 5.73334 4.11087
6.32257 256 213 5.70711 3.78419
6.31536 265 193 5.66296 4.29046
6.29527 244 178 5.69709 4.20469
6.28786 252 173 5.65599 4.38203
6.28413 229 178 5.72685 3.95124
6.30445 231 193 5.75574 3.66356
6.32077 266 206 5.66988 4.11087
6.36303 258 234 5.77455 3.21888
6.32794 252 196 5.7301 4.04305
6.38012 284 222 5.72359 4.14313
6.37673 274 235 5.74939 3.68888
6.38012 299 229 5.67332 4.26268
6.37843 292 235 5.69373 4.06044
6.42487 299 241 5.76205 4.07754
6.36647 268 229 5.74939 3.68888
6.37673 283 236 5.72031 3.8712
6.38856 277 219 5.76205 4.07754
6.33859 266 221 5.70378 3.82864
6.35263 259 189 5.75257 4.26268
6.32972 250 199 5.73979 3.95124
6.33328 277 190 5.65599 4.47734
6.32077 243 178 5.7462 4.18965
6.29342 235 158 5.72359 4.35671
6.28413 229 147 5.72685 4.41884
6.286 228 157 5.73334 4.27667
6.29342 225 145 5.75574 4.39445
6.30628 234 158 5.74939 4.34381
6.30992 252 177 5.69709 4.33073
6.32794 261 174 5.70044 4.47734
6.34739 267 220 5.71703 3.8712
6.34564 297 224 5.60947 4.30407
6.3613 275 211 5.71703 4.17439
6.3699 276 208 5.7301 4.23411
6.38688 272 207 5.77455 4.18965
6.39359 289 217 5.73334 4.29046
6.35437 244 188 5.80212 4.04305
6.37161 262 200 5.77765 4.14313
6.37161 262 212 5.77765 3.93183
6.35089 250 184 5.77765 4.20469
6.35784 278 202 5.70044 4.34381
6.32972 268 183 5.68017 4.45435
6.34388 261 184 5.7301 4.35671
6.32436 251 162 5.72685 4.49981
6.34036 263 162 5.71703 4.62497
6.31355 245 156 5.72685 4.49981
6.33328 269 181 5.68358 4.48864
6.29895 236 167 5.7301 4.2485
6.35611 249 172 5.78996 4.35671
6.32257 263 160 5.68358 4.64439
6.29895 239 135 5.72031 4.65396
6.27476 222 130 5.73334 4.5326
6.24804 222 129 5.68698 4.54329
6.24804 209 119 5.7301 4.51086
6.24998 204 110 5.74939 4.55388
6.24222 198 94 5.75574 4.65396
6.22258 176 78 5.79301 4.59512
6.20658 176 80 5.76832 4.57471
6.20658 186 82 5.73657 4.65396
6.19032 166 80 5.77455 4.46591
6.22654 198 87 5.7301 4.7185
6.2106 185 79 5.7462 4.67283
6.21661 190 97 5.73979 4.54329
6.22851 193 88 5.74939 4.66344
6.23048 207 105 5.70711 4.63473
6.24028 194 119 5.76519 4.33073
6.25575 217 110 5.71703 4.68213
6.24611 207 114 5.73334 4.54329
6.24804 227 121 5.66988 4.67283
6.23832 208 88 5.71703 4.79579
6.22258 208 94 5.69036 4.74493
6.2186 190 98 5.743 4.5326
6.20254 182 83 5.743 4.60517
6.22654 195 96 5.73979 4.60517
6.22851 197 95 5.73657 4.63473
6.20658 190 94 5.72359 4.57471
6.19441 190 87 5.70378 4.64439
6.18621 205 83 5.63835 4.81218
6.16752 174 57 5.71373 4.77068
6.15486 165 56 5.72359 4.70048
6.16542 171 51 5.72031 4.79579
6.19236 172 58 5.7589 4.74493
6.18002 174 57 5.73334 4.77068
6.1717 167 52 5.743 4.75359
6.18208 179 74 5.72031 4.66344
6.1717 183 69 5.69036 4.74493
6.18621 176 75 5.73657 4.62497
6.16961 179 58 5.70044 4.80402
6.1717 179 65 5.70378 4.74493
6.18208 176 65 5.7301 4.7185
6.17794 175 68 5.72685 4.68213
6.19236 187 66 5.71043 4.80402
6.18208 171 63 5.7462 4.69135
6.18415 176 48 5.73334 4.85981
6.18002 170 46 5.7462 4.82831
6.18415 172 57 5.7462 4.75359
6.20051 177 62 5.75574 4.75359
6.19441 177 60 5.7462 4.77068
6.20051 175 66 5.76205 4.70048
6.19032 173 67 5.75257 4.67283
6.21661 188 76 5.7462 4.72739
6.21661 196 79 5.72031 4.77068
6.21261 195 68 5.71703 4.85203
6.19848 179 52 5.7462 4.85203
6.19236 173 57 5.75574 4.76217
6.19441 172 38 5.76205 4.90527
6.18621 164 39 5.77455 4.83628
6.16961 155 36 5.77765 4.78749
6.1717 151 27 5.79301 4.82831
6.16542 150 36 5.7869 4.74493
6.18621 158 41 5.79301 4.77068
6.17794 165 32 5.7589 4.89784
6.17587 163 39 5.76205 4.82831
6.17379 166 39 5.74939 4.85203
6.19032 163 47 5.78383 4.76217
6.18826 172 46 5.75257 4.84419
6.19236 166 55 5.77765 4.7185
6.20456 173 53 5.77455 4.79579
6.20254 168 65 5.7869 4.64439
6.20254 179 59 5.75257 4.79579
6.18826 180 62 5.72685 4.77912
6.21261 190 64 5.73334 4.84419
6.18826 168 68 5.76519 4.61512
6.20456 190 56 5.72031 4.90527
6.19236 170 60 5.76519 4.70953
6.22851 196 77 5.73979 4.78749
6.18826 177 68 5.73657 4.70048
6.19848 187 57 5.72031 4.8752
6.18826 172 59 5.75257 4.7362
6.20859 193 63 5.71703 4.8752
6.19441 174 56 5.75574 4.77912
6.19848 176 66 5.75574 4.70953
6.20658 188 73 5.7301 4.75359
6.22258 187 76 5.7589 4.7185
6.21261 191 70 5.7301 4.80402
6.19848 189 61 5.71373 4.85981
6.19236 180 68 5.73334 4.72739
6.20859 200 80 5.69373 4.79579
6.20859 188 80 5.73334 4.69135
6.22059 206 87 5.69373 4.78749
6.22456 199 91 5.72359 4.69135
6.23441 208 97 5.71043 4.7185
6.22654 199 94 5.72685 4.66344
6.24804 205 92 5.743 4.7362
6.23048 199 97 5.73334 4.63473
6.2519 206 91 5.7462 4.75359
6.24417 187 100 5.79301 4.47734
6.25767 211 102 5.73979 4.70048
6.27852 223 119 5.73657 4.65396
6.29895 246 122 5.69709 4.82831
6.26149 236 126 5.66296 4.70953
6.2691 220 96 5.7301 4.82831
6.24611 196 105 5.76832 4.52179
6.2653 217 106 5.73334 4.7185
6.27476 209 98 5.77455 4.7185
6.24998 199 105 5.76519 4.55388
6.25575 208 96 5.7462 4.72739
6.24804 206 105 5.73979 4.62497
6.27476 223 119 5.7301 4.65396
6.28413 218 113 5.76205 4.66344
6.29895 223 122 5.77144 4.62497
6.29711 231 132 5.743 4.60517
6.32436 245 124 5.7462 4.80402
6.30079 229 132 5.75574 4.58497
6.29895 239 136 5.72031 4.64439
6.31173 233 135 5.76205 4.59512
6.29895 224 129 5.76832 4.56435
6.33505 237 155 5.78996 4.41884
6.32257 234 142 5.77765 4.5326
6.32257 238 133 5.76519 4.66344
6.32615 237 133 5.77455 4.65396
6.28413 224 133 5.743 4.52179
6.29895 223 135 5.77144 4.48864
6.31536 246 131 5.72685 4.75359
6.28972 229 145 5.73657 4.44265
6.29157 236 147 5.71703 4.49981
6.29157 245 150 5.68698 4.56435
6.31897 255 158 5.70378 4.58497
6.2804 223 134 5.73979 4.49981
6.34036 263 160 5.71703 4.64439
6.24998 215 124 5.71373 4.52179
6.27099 235 125 5.68358 4.70953
6.23832 214 119 5.69709 4.56435
6.27664 233 135 5.70044 4.59512
6.2634 214 116 5.73979 4.59512
6.24028 214 96 5.70044 4.77912
6.22456 200 102 5.72031 4.59512
6.22456 190 116 5.75257 4.31749
6.2519 216 117 5.71373 4.60517
6.25575 213 112 5.7301 4.62497
6.2653 207 126 5.76519 4.40672
6.2519 219 126 5.70378 4.54329
6.25383 207 118 5.7462 4.49981
6.24028 217 136 5.69036 4.40672
6.24222 233 118 5.63835 4.75359
6.24804 209 135 5.7301 4.31749
6.25383 222 135 5.69709 4.47734
6.27288 229 160 5.70711 4.2485
6.31173 257 175 5.68358 4.41884
6.30992 252 183 5.69709 4.2485
6.2804 255 167 5.63121 4.48864
6.29711 264 162 5.63121 4.63473
6.24804 236 153 5.63835 4.43082
6.23637 221 129 5.66988 4.5326
6.22258 212 123 5.67675 4.49981
6.22654 233 133 5.60947 4.61512
6.19644 222 132 5.59471 4.51086
6.20051 214 127 5.63121 4.47734
6.21661 215 134 5.65599 4.40672
6.21461 199 133 5.70711 4.20469
6.22059 212 137 5.67332 4.33073
6.21261 219 143 5.63479 4.34381
6.2106 216 120 5.64191 4.57471
6.20254 198 117 5.69036 4.40672
6.23832 231 139 5.63835 4.5326
6.15486 192 93 5.63121 4.60517
6.1506 183 97 5.65599 4.46591
6.17794 194 86 5.66296 4.69135
6.13988 190 82 5.61313 4.69135
6.15273 182 86 5.66296 4.57471
6.10925 178 58 5.6058 4.79579
6.10032 156 51 5.66988 4.66344
6.10925 165 66 5.65249 4.60517
6.11589 169 64 5.64897 4.66344
6.10032 173 60 5.60947 4.7362
6.12905 179 70 5.63479 4.70048
6.12687 185 76 5.60947 4.70048
6.1334 181 93 5.63479 4.48864
6.16542 196 88 5.63479 4.69135
6.16121 194 103 5.63479 4.52179
6.14419 201 84 5.57973 4.77068
6.1334 177 74 5.64897 4.64439
6.16542 189 79 5.65948 4.70953
6.11147 176 71 5.61677 4.66344
6.12468 189 86 5.59099 4.64439
6.10925 173 60 5.62402 4.7362
6.12468 173 65 5.64897 4.69135
6.13556 176 69 5.65599 4.68213
6.15273 187 85 5.64545 4.63473
6.15486 194 86 5.62402 4.69135
6.14633 182 74 5.65249 4.69135
6.12905 172 61 5.65948 4.7185
6.12468 169 70 5.66296 4.60517
6.14419 175 76 5.67332 4.60517
6.18002 193 90 5.66988 4.64439
6.18208 195 94 5.66643 4.62497
6.1506 191 99 5.62762 4.5326
6.18208 202 88 5.64191 4.74493
6.16961 198 96 5.63479 4.63473
6.15273 182 97 5.66296 4.45435
6.17794 205 90 5.62402 4.75359
6.15486 197 94 5.61313 4.64439
6.19441 213 101 5.62402 4.72739
6.14204 184 85 5.63835 4.60517
6.14204 183 81 5.64191 4.63473
6.13123 190 81 5.59842 4.70048
6.13556 187 77 5.61677 4.70953
6.10702 170 63 5.63121 4.68213
6.11147 171 60 5.63479 4.7185
6.12687 179 73 5.63121 4.67283
6.1203 180 67 5.61677 4.7362
6.12468 169 73 5.66296 4.57471
6.14847 192 83 5.6204 4.70048
6.13988 189 84 5.61677 4.66344
6.1591 189 88 5.64897 4.62497
6.16961 203 108 5.61677 4.56435
6.17587 215 100 5.5835 4.75359
6.13988 195 97 5.59471 4.59512
6.17587 222 99 5.55683 4.82028
6.16331 199 92 5.6204 4.68213
6.15698 201 99 5.60212 4.63473
6.1506 202 76 5.58725 4.84419
6.16752 218 88 5.55683 4.8752
6.1334 192 86 5.59471 4.67283
6.1334 194 93 5.58725 4.62497
6.1334 201 79 5.56068 4.81218
6.12687 204 85 5.53733 4.78749
6.14419 209 89 5.54908 4.79579
6.1506 212 98 5.54908 4.74493
6.1591 206 96 5.58725 4.70953
6.14633 210 85 5.54908 4.83628
6.14633 205 83 5.56834 4.81218
6.15698 204 88 5.59099 4.76217
6.13988 194 77 5.59842 4.77068
6.13556 209 73 5.53339 4.91998
6.07535 162 39 5.60947 4.82028
6.06146 155 34 5.61313 4.80402
6.05912 157 26 5.60212 4.8828
6.05209 157 30 5.59099 4.85203
6.05912 161 32 5.58725 4.86753
6.05209 157 29 5.59099 4.85981
6.05912 164 21 5.57595 4.96981
6.05444 161 40 5.57973 4.80402
6.0845 179 33 5.56068 4.99043
6.06379 158 45 5.6058 4.7362
6.08222 181 48 5.54908 4.89784
6.07993 163 51 5.61313 4.72739
6.10479 184 48 5.57595 4.91998
6.09131 176 52 5.5835 4.82831
6.1181 184 52 5.59842 4.89035
6.08677 170 64 5.59842 4.67283
6.10925 184 57 5.5835 4.85203
6.10032 165 52 5.63835 4.7362
6.09357 169 52 5.61313 4.77068
6.12249 181 60 5.61677 4.80402
6.09807 171 43 5.61313 4.85981
6.10479 176 58 5.6058 4.77912
6.08677 164 50 5.6204 4.74493
6.10925 180 54 5.59842 4.84419
6.07764 174 44 5.56834 4.8752
6.08222 164 47 5.61313 4.77068
6.08677 163 36 5.62402 4.85203
6.06146 151 43 5.62762 4.69135
6.07764 164 39 5.6058 4.83628
6.07304 155 42 5.63121 4.7362
6.09357 167 45 5.6204 4.81218
6.09131 154 43 5.66296 4.7185
6.10032 169 40 5.62402 4.86753
6.10702 165 42 5.64897 4.82028
6.08222 147 32 5.67332 4.75359
6.0845 151 30 5.66296 4.80402
6.07764 149 27 5.65948 4.81218
6.07993 150 29 5.65948 4.80402
6.07535 149 26 5.65599 4.82028
6.07764 149 30 5.65948 4.78749
6.07535 147 28 5.66296 4.78749
6.07304 151 27 5.64545 4.82831
6.07993 148 26 5.66643 4.81218
6.07535 144 26 5.67332 4.77912
6.07074 148 31 5.65249 4.77068
6.07535 145 29 5.66988 4.76217
6.06843 148 28 5.64897 4.79579
6.07304 154 32 5.63479 4.81218
6.08222 152 31 5.65599 4.80402
6.07764 153 32 5.64545 4.80402
6.07993 151 27 5.65599 4.82831
6.09131 156 33 5.65599 4.82028
6.06379 147 21 5.64545 4.84419
6.06146 140 25 5.66643 4.75359
6.06611 149 26 5.64191 4.82028
6.07304 145 29 5.66643 4.76217
6.09357 158 28 5.65249 4.8752
6.06611 146 21 5.65249 4.83628
6.06146 145 25 5.64897 4.79579
6.04973 144 17 5.63479 4.85203
6.04025 135 7 5.65249 4.85981
6.03787 134 11 5.65249 4.82028
6.03309 135 7 5.64191 4.85981
6.03069 134 8 5.64191 4.84419
6.02587 132 4 5.64191 4.85981
6.02587 132 6 5.64191 4.84419
6.02587 132 4 5.64191 4.85981
6.02587 132 6 5.64191 4.84419
6.02587 132 4 5.64191 4.85981
6.02587 132 6 5.64191 4.84419
6.02587 132 4 5.64191 4.85981
6.02587 132 6 5.64191 4.84419
6.02587 132 4 5.64191 4.85981
6.02587 132 6 5.64191 4.84419
6.02587 132 4 5.64191 4.85981
6.02587 132 6 5.64191 4.84419
6.02587 132 4 5.64191 4.85981
6.02587 132 6 5.64191 4.84419
6.02587 132 4 5.64191 4.85981
6.02587 132 6 5.64191 4.84419
6.02587 132 4 5.64191 4.85981
6.02587 132 6 5.64191 4.84419
6.02587 132 4 5.64191 4.85981
6.02587 132 6 5.64191 4.84419
6.02587 132 4 5.64191 4.85981
6.02587 132 6 5.64191 4.84419
6.02587 132 5 5.64191 4.85203
6.02587 133 13 5.63835 4.79579
6.02828 138 11 5.62402 4.85203
6.02828 133 12 5.64191 4.80402
6.03069 135 12 5.63835 4.82028
6.02828 137 11 5.62762 4.84419
6.03069 136 9 5.63479 4.85203
6.02102 133 5 5.63121 4.85981
6.01372 130 2 5.63121 4.85981
6.01372 128 0 5.63835 4.85981
6.01372 128 0 5.63835 4.85981
6.01372 128 0 5.63835 4.85981
6.01372 128 0 5.63835 4.85981
6.01372 128 0 5.63835 4.85981
6.01372 128 0 5.63835 4.85981
6.01372 128 0 5.63835 4.85981
6.01372 128 0 5.63835 4.85981
6.01372 128 0 5.63835 4.85981
6.01372 128 0 5.63835 4.85981
6.01372 128 0 5.63835 4.85981
6.01372 128 0 5.63835 4.85981
6.01372 128 0 5.63835 4.85981
6.01372 0 0 6.01372 0
