0 0 25
0 1 19
0 2 18
0 3 32
0 4 30
0 5 43
0 6 46
0 7 40
0 8 52
0 9 62
0 10 47
0 11 75
0 12 39
0 13 44
0 14 40
0 15 31
0 16 49
0 17 31
0 18 38
0 19 42
0 20 34
0 21 24
0 22 35
0 23 27
0 24 20
0 25 27
0 26 39
0 27 40
0 28 48
0 29 52
0 30 44
0 31 24
0 32 18
0 33 35
0 34 31
0 35 41
0 36 47
0 37 41
0 38 48
0 39 47
0 40 37
0 41 41
0 42 102
0 43 36
0 44 40
0 45 47
0 46 42
0 47 54
0 48 61
0 49 49
0 50 31
0 51 27
0 52 35
0 53 32
0 54 40
0 55 213
0 56 221
0 57 18
0 58 14
0 59 15
0 60 12
0 61 9
0 62 12
0 63 18

1 0 111
1 1 15
1 2 21
1 3 16
1 4 21
1 5 27
1 6 23
1 7 34
1 8 33
1 9 36
1 10 37
1 11 21
1 12 35
1 13 39
1 14 45
1 15 42
1 16 65
1 17 54
1 18 31
1 19 39
1 20 45
1 21 32
1 22 34
1 23 13
1 24 12
1 25 19
1 26 27
1 27 31
1 28 33
1 29 54
1 30 44
1 31 24
1 32 23
1 33 30
1 34 39
1 35 45
1 36 45
1 37 110
1 38 98
1 39 43
1 40 48
1 41 116
1 42 183
1 43 108
1 44 42
1 45 54
1 46 41
1 47 42
1 48 42
1 49 65
1 50 41
1 51 30
1 52 30
1 53 33
1 54 36
1 55 215
1 56 220
1 57 19
1 58 15
1 59 17
1 60 13
1 61 7
1 62 20
1 63 101

2 0 108
2 1 24
2 2 14
2 3 22
2 4 34
2 5 78
2 6 82
2 7 38
2 8 23
2 9 24
2 10 23
2 11 23
2 12 16
2 13 41
2 14 41
2 15 34
2 16 40
2 17 32
2 18 34
2 19 24
2 20 28
2 21 31
2 22 23
2 23 7
2 24 9
2 25 23
2 26 34
2 27 36
2 28 37
2 29 47
2 30 35
2 31 33
2 32 147
2 33 153
2 34 43
2 35 44
2 36 47
2 37 103
2 38 85
2 39 26
2 40 42
2 41 46
2 42 110
2 43 54
2 44 38
2 45 33
2 46 41
2 47 50
2 48 55
2 49 48
2 50 224
2 51 220
2 52 42
2 53 31
2 54 40
2 55 36
2 56 29
2 57 9
2 58 9
2 59 12
2 60 4
2 61 24
2 62 29
2 63 105

3 0 11
3 1 14
3 2 19
3 3 25
3 4 27
3 5 81
3 6 76
3 7 21
3 8 19
3 9 29
3 10 32
3 11 33
3 12 33
3 13 26
3 14 34
3 15 34
3 16 31
3 17 26
3 18 24
3 19 33
3 20 30
3 21 20
3 22 18
3 23 15
3 24 11
3 25 35
3 26 38
3 27 53
3 28 40
3 29 51
3 30 39
3 31 152
3 32 17
3 33 158
3 34 43
3 35 43
3 36 60
3 37 59
3 38 51
3 39 33
3 40 38
3 41 36
3 42 37
3 43 36
3 44 42
3 45 39
3 46 38
3 47 42
3 48 40
3 49 250
3 50 57
3 51 42
3 52 216
3 53 41
3 54 29
3 55 23
3 56 23
3 57 6
3 58 4
3 59 3
3 60 8
3 61 26
3 62 25
3 63 10

4 0 14
4 1 21
4 2 29
4 3 17
4 4 27
4 5 19
4 6 18
4 7 21
4 8 20
4 9 24
4 10 26
4 11 29
4 12 21
4 13 25
4 14 29
4 15 33
4 16 25
4 17 27
4 18 35
4 19 32
4 20 26
4 21 23
4 22 28
4 23 23
4 24 28
4 25 49
4 26 47
4 27 90
4 28 102
4 29 62
4 30 37
4 31 29
4 32 160
4 33 25
4 34 32
4 35 32
4 36 45
4 37 55
4 38 35
4 39 28
4 40 33
4 41 42
4 42 30
4 43 34
4 44 36
4 45 33
4 46 44
4 47 38
4 48 48
4 49 251
4 50 61
4 51 51
4 52 218
4 53 40
4 54 30
4 55 23
4 56 17
4 57 19
4 58 11
4 59 7
4 60 8
4 61 9
4 62 19
4 63 14

5 0 19
5 1 26
5 2 23
5 3 20
5 4 15
5 5 23
5 6 22
5 7 16
5 8 19
5 9 35
5 10 24
5 11 25
5 12 23
5 13 9
5 14 17
5 15 17
5 16 18
5 17 24
5 18 21
5 19 30
5 20 22
5 21 13
5 22 16
5 23 21
5 24 30
5 25 45
5 26 52
5 27 86
5 28 88
5 29 47
5 30 44
5 31 22
5 32 25
5 33 32
5 34 19
5 35 39
5 36 188
5 37 172
5 38 24
5 39 22
5 40 33
5 41 56
5 42 33
5 43 31
5 44 31
5 45 41
5 46 29
5 47 54
5 48 61
5 49 51
5 50 239
5 51 231
5 52 45
5 53 39
5 54 42
5 55 23
5 56 33
5 57 19
5 58 19
5 59 23
5 60 14
5 61 9
5 62 14
5 63 14

6 0 18
6 1 20
6 2 26
6 3 26
6 4 16
6 5 13
6 6 13
6 7 16
6 8 21
6 9 23
6 10 24
6 11 23
6 12 20
6 13 19
6 14 23
6 15 18
6 16 16
6 17 18
6 18 12
6 19 21
6 20 17
6 21 17
6 22 18
6 23 27
6 24 37
6 25 34
6 26 52
6 27 49
6 28 41
6 29 43
6 30 19
6 31 18
6 32 20
6 33 19
6 34 27
6 35 182
6 36 50
6 37 179
6 38 16
6 39 19
6 40 41
6 41 52
6 42 25
6 43 26
6 44 30
6 45 30
6 46 52
6 47 58
6 48 80
6 49 73
6 50 51
6 51 65
6 52 52
6 53 51
6 54 50
6 55 49
6 56 40
6 57 46
6 58 40
6 59 35
6 60 13
6 61 10
6 62 13
6 63 17

7 0 23
7 1 25
7 2 17
7 3 22
7 4 21
7 5 15
7 6 7
7 7 8
7 8 10
7 9 18
7 10 17
7 11 33
7 12 36
7 13 24
7 14 13
7 15 14
7 16 25
7 17 22
7 18 15
7 19 12
7 20 8
7 21 11
7 22 14
7 23 11
7 24 31
7 25 29
7 26 38
7 27 32
7 28 35
7 29 26
7 30 21
7 31 22
7 32 16
7 33 17
7 34 19
7 35 24
7 36 182
7 37 24
7 38 28
7 39 29
7 40 13
7 41 33
7 42 15
7 43 10
7 44 25
7 45 38
7 46 48
7 47 70
7 48 92
7 49 71
7 50 66
7 51 49
7 52 58
7 53 61
7 54 49
7 55 49
7 56 35
7 57 30
7 58 39
7 59 248
7 60 257
7 61 26
7 62 18
7 63 15

8 0 23
8 1 20
8 2 10
8 3 10
8 4 7
8 5 10
8 6 6
8 7 9
8 8 5
8 9 10
8 10 18
8 11 11
8 12 18
8 13 13
8 14 15
8 15 9
8 16 29
8 17 31
8 18 14
8 19 13
8 20 4
8 21 7
8 22 7
8 23 9
8 24 15
8 25 23
8 26 27
8 27 29
8 28 30
8 29 18
8 30 19
8 31 17
8 32 25
8 33 23
8 34 14
8 35 20
8 36 20
8 37 18
8 38 21
8 39 35
8 40 38
8 41 20
8 42 15
8 43 29
8 44 45
8 45 53
8 46 54
8 47 56
8 48 69
8 49 76
8 50 73
8 51 59
8 52 59
8 53 56
8 54 44
8 55 39
8 56 36
8 57 26
8 58 50
8 59 268
8 60 256
8 61 29
8 62 17
8 63 10

9 0 13
9 1 15
9 2 11
9 3 11
9 4 7
9 5 15
9 6 6
9 7 8
9 8 10
9 9 12
9 10 18
9 11 13
9 12 8
9 13 12
9 14 4
9 15 18
9 16 17
9 17 26
9 18 11
9 19 11
9 20 9
9 21 13
9 22 9
9 23 10
9 24 11
9 25 17
9 26 23
9 27 32
9 28 34
9 29 34
9 30 13
9 31 10
9 32 13
9 33 16
9 34 22
9 35 17
9 36 18
9 37 16
9 38 18
9 39 34
9 40 33
9 41 24
9 42 28
9 43 56
9 44 63
9 45 77
9 46 58
9 47 53
9 48 61
9 49 40
9 50 109
9 51 92
9 52 49
9 53 48
9 54 41
9 55 29
9 56 32
9 57 22
9 58 34
9 59 39
9 60 36
9 61 18
9 62 20
9 63 16

10 0 10
10 1 12
10 2 13
10 3 19
10 4 17
10 5 23
10 6 14
10 7 5
10 8 2
10 9 8
10 10 8
10 11 6
10 12 6
10 13 10
10 14 19
10 15 22
10 16 20
10 17 23
10 18 15
10 19 4
10 20 5
10 21 10
10 22 13
10 23 9
10 24 12
10 25 7
10 26 17
10 27 34
10 28 39
10 29 34
10 30 23
10 31 11
10 32 10
10 33 9
10 34 7
10 35 14
10 36 15
10 37 15
10 38 20
10 39 21
10 40 22
10 41 34
10 42 41
10 43 57
10 44 81
10 45 51
10 46 58
10 47 57
10 48 58
10 49 85
10 50 53
10 51 90
10 52 45
10 53 50
10 54 32
10 55 25
10 56 16
10 57 27
10 58 25
10 59 28
10 60 25
10 61 25
10 62 21
10 63 12

11 0 14
11 1 21
11 2 21
11 3 20
11 4 26
11 5 21
11 6 28
11 7 21
11 8 3
11 9 2
11 10 5
11 11 5
11 12 13
11 13 15
11 14 25
11 15 23
11 16 28
11 17 18
11 18 18
11 19 15
11 20 13
11 21 7
11 22 12
11 23 17
11 24 17
11 25 14
11 26 19
11 27 19
11 28 34
11 29 27
11 30 28
11 31 22
11 32 18
11 33 25
11 34 23
11 35 13
11 36 10
11 37 16
11 38 20
11 39 31
11 40 43
11 41 45
11 42 41
11 43 34
11 44 52
11 45 40
11 46 59
11 47 67
11 48 66
11 49 51
11 50 79
11 51 36
11 52 30
11 53 28
11 54 25
11 55 19
11 56 21
11 57 21
11 58 35
11 59 24
11 60 35
11 61 34
11 62 14
11 63 12

12 0 31
12 1 34
12 2 38
12 3 31
12 4 17
12 5 26
12 6 29
12 7 27
12 8 10
12 9 3
12 10 3
12 11 4
12 12 9
12 13 28
12 14 42
12 15 41
12 16 34
12 17 35
12 18 31
12 19 13
12 20 11
12 21 13
12 22 17
12 23 21
12 24 29
12 25 34
12 26 19
12 27 26
12 28 26
12 29 23
12 30 29
12 31 29
12 32 64
12 33 59
12 34 28
12 35 17
12 36 10
12 37 10
12 38 22
12 39 28
12 40 47
12 41 40
12 42 35
12 43 38
12 44 41
12 45 28
12 46 58
12 47 85
12 48 69
12 49 69
12 50 37
12 51 37
12 52 18
12 53 19
12 54 23
12 55 21
12 56 31
12 57 39
12 58 53
12 59 63
12 60 27
12 61 29
12 62 35
12 63 21

13 0 40
13 1 31
13 2 29
13 3 34
13 4 31
13 5 24
13 6 31
13 7 25
13 8 7
13 9 6
13 10 1
13 11 1
13 12 9
13 13 14
13 14 32
13 15 40
13 16 38
13 17 32
13 18 33
13 19 19
13 20 23
13 21 21
13 22 22
13 23 28
13 24 36
13 25 31
13 26 19
13 27 17
13 28 18
13 29 24
13 30 89
13 31 78
13 32 65
13 33 66
13 34 21
13 35 15
13 36 12
13 37 4
13 38 10
13 39 21
13 40 27
13 41 28
13 42 31
13 43 34
13 44 34
13 45 26
13 46 24
13 47 51
13 48 30
13 49 32
13 50 36
13 51 31
13 52 25
13 53 15
13 54 17
13 55 23
13 56 52
13 57 56
13 58 68
13 59 77
13 60 50
13 61 39
13 62 42
13 63 43

14 0 54
14 1 39
14 2 43
14 3 21
14 4 24
14 5 31
14 6 22
14 7 10
14 8 11
14 9 3
14 10 2
14 11 6
14 12 12
14 13 10
14 14 36
14 15 47
14 16 40
14 17 38
14 18 40
14 19 34
14 20 22
14 21 22
14 22 26
14 23 34
14 24 21
14 25 23
14 26 18
14 27 24
14 28 22
14 29 20
14 30 82
14 31 88
14 32 31
14 33 23
14 34 13
14 35 19
14 36 10
14 37 14
14 38 17
14 39 24
14 40 25
14 41 35
14 42 27
14 43 26
14 44 32
14 45 31
14 46 25
14 47 11
14 48 20
14 49 36
14 50 47
14 51 46
14 52 37
14 53 36
14 54 36
14 55 27
14 56 45
14 57 47
14 58 44
14 59 42
14 60 66
14 61 36
14 62 54
14 63 50

15 0 46
15 1 47
15 2 32
15 3 22
15 4 28
15 5 29
15 6 18
15 7 5
15 8 5
15 9 3
15 10 7
15 11 14
15 12 15
15 13 22
15 14 30
15 15 40
15 16 58
15 17 48
15 18 60
15 19 38
15 20 30
15 21 29
15 22 22
15 23 27
15 24 27
15 25 19
15 26 19
15 27 20
15 28 17
15 29 10
15 30 26
15 31 37
15 32 23
15 33 26
15 34 15
15 35 20
15 36 17
15 37 17
15 38 20
15 39 14
15 40 17
15 41 16
15 42 18
15 43 13
15 44 16
15 45 12
15 46 13
15 47 13
15 48 33
15 49 67
15 50 74
15 51 312
15 52 319
15 53 47
15 54 56
15 55 57
15 56 47
15 57 47
15 58 47
15 59 54
15 60 56
15 61 56
15 62 50
15 63 54

16 0 46
16 1 41
16 2 34
16 3 26
16 4 21
16 5 19
16 6 14
16 7 11
16 8 14
16 9 17
16 10 19
16 11 26
16 12 36
16 13 29
16 14 38
16 15 58
16 16 52
16 17 77
16 18 66
16 19 57
16 20 55
16 21 62
16 22 46
16 23 36
16 24 36
16 25 31
16 26 19
16 27 24
16 28 24
16 29 11
16 30 21
16 31 21
16 32 12
16 33 11
16 34 10
16 35 6
16 36 10
16 37 11
16 38 7
16 39 14
16 40 7
16 41 10
16 42 8
16 43 8
16 44 6
16 45 4
16 46 8
16 47 13
16 48 14
16 49 44
16 50 310
16 51 34
16 52 311
16 53 50
16 54 41
16 55 51
16 56 43
16 57 44
16 58 41
16 59 49
16 60 54
16 61 37
16 62 54
16 63 67

17 0 51
17 1 45
17 2 22
17 3 16
17 4 13
17 5 14
17 6 14
17 7 18
17 8 26
17 9 22
17 10 33
17 11 26
17 12 42
17 13 38
17 14 36
17 15 47
17 16 60
17 17 53
17 18 69
17 19 190
17 20 181
17 21 89
17 22 82
17 23 38
17 24 44
17 25 31
17 26 17
17 27 40
17 28 33
17 29 16
17 30 8
17 31 22
17 32 16
17 33 8
17 34 22
17 35 18
17 36 7
17 37 13
17 38 17
17 39 6
17 40 3
17 41 3
17 42 6
17 43 3
17 44 0
17 45 1
17 46 10
17 47 10
17 48 10
17 49 27
17 50 291
17 51 300
17 52 33
17 53 40
17 54 48
17 55 38
17 56 53
17 57 58
17 58 40
17 59 41
17 60 65
17 61 42
17 62 57
17 63 51

18 0 45
18 1 35
18 2 29
18 3 11
18 4 13
18 5 18
18 6 23
18 7 32
18 8 35
18 9 28
18 10 26
18 11 34
18 12 164
18 13 155
18 14 61
18 15 64
18 16 62
18 17 71
18 18 188
18 19 55
18 20 60
18 21 208
18 22 60
18 23 84
18 24 50
18 25 29
18 26 25
18 27 12
18 28 15
18 29 12
18 30 13
18 31 20
18 32 21
18 33 23
18 34 20
18 35 20
18 36 12
18 37 9
18 38 6
18 39 5
18 40 5
18 41 5
18 42 2
18 43 0
18 44 1
18 45 0
18 46 4
18 47 8
18 48 7
18 49 21
18 50 13
18 51 75
18 52 73
18 53 22
18 54 38
18 55 51
18 56 50
18 57 47
18 58 44
18 59 43
18 60 57
18 61 43
18 62 151
18 63 62

19 0 57
19 1 53
19 2 64
19 3 23
19 4 22
19 5 23
19 6 33
19 7 30
19 8 189
19 9 192
19 10 42
19 11 45
19 12 163
19 13 154
19 14 56
19 15 58
19 16 77
19 17 81
19 18 66
19 19 179
19 20 183
19 21 62
19 22 77
19 23 50
19 24 43
19 25 19
19 26 22
19 27 19
19 28 20
19 29 19
19 30 18
19 31 21
19 32 22
19 33 23
19 34 23
19 35 19
19 36 22
19 37 8
19 38 0
19 39 4
19 40 6
19 41 11
19 42 3
19 43 1
19 44 1
19 45 2
19 46 1
19 47 7
19 48 6
19 49 10
19 50 77
19 51 33
19 52 19
19 53 235
19 54 36
19 55 33
19 56 32
19 57 36
19 58 42
19 59 43
19 60 69
19 61 159
19 62 249
19 63 154

20 0 80
20 1 50
20 2 43
20 3 59
20 4 39
20 5 32
20 6 34
20 7 33
20 8 176
20 9 189
20 10 35
20 11 44
20 12 41
20 13 50
20 14 73
20 15 68
20 16 90
20 17 90
20 18 64
20 19 65
20 20 67
20 21 76
20 22 58
20 23 33
20 24 30
20 25 21
20 26 17
20 27 23
20 28 11
20 29 12
20 30 24
20 31 23
20 32 21
20 33 13
20 34 20
20 35 19
20 36 22
20 37 7
20 38 3
20 39 4
20 40 14
20 41 16
20 42 5
20 43 5
20 44 1
20 45 2
20 46 2
20 47 3
20 48 7
20 49 9
20 50 8
20 51 71
20 52 238
20 53 361
20 54 183
20 55 38
20 56 24
20 57 29
20 58 41
20 59 55
20 60 67
20 61 59
20 62 148
20 63 61

21 0 86
21 1 54
21 2 67
21 3 46
21 4 42
21 5 37
21 6 40
21 7 32
21 8 24
21 9 32
21 10 38
21 11 37
21 12 28
21 13 52
21 14 67
21 15 54
21 16 59
21 17 208
21 18 77
21 19 79
21 20 79
21 21 60
21 22 45
21 23 35
21 24 25
21 25 27
21 26 39
21 27 25
21 28 16
21 29 20
21 30 14
21 31 16
21 32 18
21 33 20
21 34 25
21 35 18
21 36 11
21 37 13
21 38 5
21 39 22
21 40 25
21 41 32
21 42 186
21 43 8
21 44 5
21 45 0
21 46 2
21 47 5
21 48 11
21 49 5
21 50 11
21 51 11
21 52 14
21 53 182
21 54 29
21 55 17
21 56 18
21 57 29
21 58 24
21 59 38
21 60 49
21 61 59
21 62 69
21 63 62

22 0 57
22 1 64
22 2 38
22 3 52
22 4 46
22 5 38
22 6 29
22 7 29
22 8 40
22 9 25
22 10 35
22 11 43
22 12 35
22 13 36
22 14 46
22 15 48
22 16 181
22 17 59
22 18 188
22 19 48
22 20 46
22 21 37
22 22 51
22 23 51
22 24 24
22 25 30
22 26 29
22 27 28
22 28 17
22 29 22
22 30 14
22 31 21
22 32 25
22 33 20
22 34 15
22 35 14
22 36 9
22 37 7
22 38 10
22 39 19
22 40 30
22 41 192
22 42 339
22 43 163
22 44 3
22 45 1
22 46 4
22 47 16
22 48 20
22 49 11
22 50 13
22 51 11
22 52 7
22 53 23
22 54 25
22 55 21
22 56 11
22 57 13
22 58 41
22 59 38
22 60 46
22 61 49
22 62 59
22 63 82

23 0 47
23 1 49
23 2 36
23 3 41
23 4 36
23 5 27
23 6 32
23 7 34
23 8 40
23 9 36
23 10 53
23 11 45
23 12 48
23 13 46
23 14 61
23 15 50
23 16 28
23 17 173
23 18 58
23 19 46
23 20 40
23 21 43
23 22 39
23 23 50
23 24 22
23 25 28
23 26 27
23 27 14
23 28 17
23 29 13
23 30 16
23 31 314
23 32 304
23 33 16
23 34 12
23 35 8
23 36 4
23 37 6
23 38 7
23 39 13
23 40 104
23 41 115
23 42 169
23 43 10
23 44 8
23 45 9
23 46 9
23 47 8
23 48 16
23 49 10
23 50 17
23 51 9
23 52 13
23 53 16
23 54 15
23 55 13
23 56 18
23 57 17
23 58 14
23 59 29
23 60 38
23 61 50
23 62 54
23 63 58

24 0 47
24 1 55
24 2 28
24 3 34
24 4 36
24 5 39
24 6 34
24 7 38
24 8 45
24 9 44
24 10 47
24 11 52
24 12 61
24 13 56
24 14 51
24 15 34
24 16 35
24 17 39
24 18 49
24 19 53
24 20 55
24 21 58
24 22 51
24 23 24
24 24 30
24 25 21
24 26 26
24 27 19
24 28 11
24 29 8
24 30 28
24 31 333
24 32 313
24 33 16
24 34 10
24 35 7
24 36 3
24 37 6
24 38 11
24 39 108
24 40 19
24 41 23
24 42 111
24 43 9
24 44 9
24 45 9
24 46 16
24 47 18
24 48 16
24 49 12
24 50 11
24 51 14
24 52 8
24 53 9
24 54 11
24 55 7
24 56 10
24 57 9
24 58 15
24 59 23
24 60 41
24 61 47
24 62 55
24 63 65

25 0 45
25 1 48
25 2 45
25 3 30
25 4 23
25 5 30
25 6 39
25 7 38
25 8 46
25 9 70
25 10 57
25 11 59
25 12 65
25 13 54
25 14 53
25 15 35
25 16 38
25 17 40
25 18 42
25 19 35
25 20 54
25 21 51
25 22 45
25 23 41
25 24 38
25 25 33
25 26 26
25 27 18
25 28 10
25 29 4
25 30 12
25 31 30
25 32 18
25 33 15
25 34 7
25 35 2
25 36 3
25 37 16
25 38 20
25 39 13
25 40 121
25 41 118
25 42 13
25 43 16
25 44 8
25 45 9
25 46 21
25 47 20
25 48 19
25 49 26
25 50 14
25 51 9
25 52 10
25 53 17
25 54 8
25 55 8
25 56 13
25 57 15
25 58 19
25 59 18
25 60 16
25 61 32
25 62 36
25 63 33

26 0 35
26 1 29
26 2 33
26 3 32
26 4 31
26 5 167
26 6 181
26 7 55
26 8 42
26 9 76
26 10 76
26 11 76
26 12 63
26 13 37
26 14 41
26 15 30
26 16 50
26 17 62
26 18 41
26 19 40
26 20 44
26 21 45
26 22 79
26 23 76
26 24 30
26 25 39
26 26 15
26 27 8
26 28 14
26 29 9
26 30 12
26 31 12
26 32 12
26 33 9
26 34 0
26 35 3
26 36 5
26 37 15
26 38 28
26 39 25
26 40 68
26 41 70
26 42 29
26 43 21
26 44 9
26 45 14
26 46 16
26 47 22
26 48 26
26 49 17
26 50 16
26 51 10
26 52 8
26 53 15
26 54 8
26 55 9
26 56 14
26 57 11
26 58 13
26 59 11
26 60 16
26 61 16
26 62 27
26 63 29

27 0 39
27 1 44
27 2 39
27 3 31
27 4 28
27 5 168
27 6 164
27 7 34
27 8 38
27 9 50
27 10 65
27 11 58
27 12 34
27 13 39
27 14 28
27 15 49
27 16 73
27 17 47
27 18 63
27 19 35
27 20 38
27 21 37
27 22 66
27 23 63
27 24 36
27 25 34
27 26 19
27 27 9
27 28 12
27 29 23
27 30 21
27 31 15
27 32 14
27 33 4
27 34 3
27 35 3
27 36 11
27 37 21
27 38 28
27 39 31
27 40 72
27 41 84
27 42 35
27 43 20
27 44 20
27 45 19
27 46 25
27 47 25
27 48 19
27 49 13
27 50 13
27 51 16
27 52 12
27 53 16
27 54 11
27 55 4
27 56 12
27 57 10
27 58 11
27 59 18
27 60 15
27 61 55
27 62 23
27 63 31

28 0 25
28 1 47
28 2 28
28 3 26
28 4 22
28 5 17
28 6 26
28 7 31
28 8 35
28 9 36
28 10 37
28 11 42
28 12 35
28 13 28
28 14 29
28 15 27
28 16 60
28 17 48
28 18 58
28 19 37
28 20 31
28 21 49
28 22 71
28 23 34
28 24 31
28 25 23
28 26 15
28 27 10
28 28 11
28 29 30
28 30 32
28 31 20
28 32 9
28 33 7
28 34 3
28 35 5
28 36 27
28 37 37
28 38 41
28 39 36
28 40 33
28 41 23
28 42 41
28 43 33
28 44 27
28 45 15
28 46 16
28 47 14
28 48 8
28 49 4
28 50 11
28 51 16
28 52 15
28 53 15
28 54 11
28 55 6
28 56 8
28 57 5
28 58 11
28 59 14
28 60 44
28 61 90
28 62 53
28 63 31

29 0 22
29 1 25
29 2 29
29 3 31
29 4 32
29 5 36
29 6 24
29 7 41
29 8 45
29 9 33
29 10 32
29 11 23
29 12 25
29 13 35
29 14 37
29 15 23
29 16 35
29 17 74
29 18 49
29 19 48
29 20 27
29 21 58
29 22 46
29 23 39
29 24 32
29 25 30
29 26 26
29 27 20
29 28 15
29 29 36
29 30 38
29 31 6
29 32 10
29 33 8
29 34 5
29 35 16
29 36 33
29 37 56
29 38 55
29 39 47
29 40 47
29 41 43
29 42 47
29 43 45
29 44 27
29 45 12
29 46 11
29 47 2
29 48 4
29 49 6
29 50 8
29 51 12
29 52 8
29 53 6
29 54 5
29 55 3
29 56 2
29 57 7
29 58 6
29 59 12
29 60 17
29 61 51
29 62 14
29 63 15

30 0 27
30 1 19
30 2 15
30 3 33
30 4 33
30 5 26
30 6 33
30 7 21
30 8 25
30 9 33
30 10 33
30 11 33
30 12 50
30 13 49
30 14 44
30 15 45
30 16 51
30 17 64
30 18 61
30 19 45
30 20 32
30 21 40
30 22 44
30 23 30
30 24 21
30 25 23
30 26 25
30 27 18
30 28 17
30 29 8
30 30 5
30 31 4
30 32 11
30 33 10
30 34 16
30 35 29
30 36 32
30 37 45
30 38 52
30 39 42
30 40 47
30 41 33
30 42 46
30 43 28
30 44 21
30 45 9
30 46 4
30 47 9
30 48 16
30 49 15
30 50 12
30 51 11
30 52 5
30 53 5
30 54 2
30 55 3
30 56 1
30 57 4
30 58 6
30 59 9
30 60 11
30 61 10
30 62 16
30 63 14

31 0 46
31 1 29
31 2 17
31 3 30
31 4 35
31 5 33
31 6 98
31 7 111
31 8 28
31 9 45
31 10 46
31 11 45
31 12 40
31 13 54
31 14 80
31 15 61
31 16 63
31 17 54
31 18 56
31 19 52
31 20 48
31 21 54
31 22 54
31 23 37
31 24 24
31 25 21
31 26 24
31 27 21
31 28 15
31 29 12
31 30 2
31 31 3
31 32 11
31 33 9
31 34 95
31 35 110
31 36 26
31 37 48
31 38 41
31 39 48
31 40 58
31 41 37
31 42 32
31 43 37
31 44 19
31 45 10
31 46 2
31 47 13
31 48 22
31 49 21
31 50 20
31 51 17
31 52 8
31 53 5
31 54 2
31 55 9
31 56 7
31 57 3
31 58 3
31 59 10
31 60 12
31 61 12
31 62 12
31 63 22

32 0 32
32 1 21
32 2 14
32 3 12
32 4 20
32 5 99
32 6 22
32 7 31
32 8 115
32 9 36
32 10 53
32 11 41
32 12 40
32 13 49
32 14 67
32 15 67
32 16 77
32 17 76
32 18 69
32 19 52
32 20 54
32 21 61
32 22 58
32 23 43
32 24 33
32 25 23
32 26 22
32 27 19
32 28 11
32 29 8
32 30 6
32 31 5
32 32 11
32 33 20
32 34 105
32 35 101
32 36 34
32 37 33
32 38 44
32 39 44
32 40 44
32 41 49
32 42 34
32 43 31
32 44 19
32 45 8
32 46 3
32 47 7
32 48 15
32 49 22
32 50 19
32 51 8
32 52 15
32 53 10
32 54 10
32 55 5
32 56 2
32 57 1
32 58 3
32 59 6
32 60 103
32 61 12
32 62 8
32 63 15

33 0 16
33 1 23
33 2 12
33 3 15
33 4 13
33 5 19
33 6 112
33 7 30
33 8 106
33 9 45
33 10 58
33 11 44
33 12 40
33 13 55
33 14 55
33 15 71
33 16 74
33 17 72
33 18 79
33 19 72
33 20 60
33 21 70
33 22 41
33 23 42
33 24 36
33 25 47
33 26 51
33 27 64
33 28 44
33 29 39
33 30 12
33 31 13
33 32 14
33 33 22
33 34 31
33 35 27
33 36 43
33 37 47
33 38 43
33 39 45
33 40 53
33 41 32
33 42 35
33 43 41
33 44 22
33 45 19
33 46 9
33 47 9
33 48 14
33 49 15
33 50 10
33 51 23
33 52 16
33 53 13
33 54 14
33 55 4
33 56 1
33 57 1
33 58 2
33 59 96
33 60 189
33 61 114
33 62 14
33 63 18

34 0 22
34 1 15
34 2 15
34 3 92
34 4 36
34 5 38
34 6 31
34 7 126
34 8 50
34 9 118
34 10 123
34 11 41
34 12 43
34 13 57
34 14 62
34 15 58
34 16 55
34 17 79
34 18 88
34 19 85
34 20 68
34 21 68
34 22 62
34 23 49
34 24 59
34 25 62
34 26 73
34 27 42
34 28 93
34 29 63
34 30 25
34 31 15
34 32 32
34 33 31
34 34 34
34 35 26
34 36 35
34 37 40
34 38 59
34 39 63
34 40 58
34 41 47
34 42 48
34 43 51
34 44 23
34 45 17
34 46 14
34 47 11
34 48 14
34 49 13
34 50 12
34 51 18
34 52 7
34 53 15
34 54 13
34 55 5
34 56 1
34 57 1
34 58 1
34 59 0
34 60 97
34 61 24
34 62 19
34 63 19

35 0 37
35 1 18
35 2 89
35 3 10
35 4 113
35 5 49
35 6 39
35 7 45
35 8 133
35 9 63
35 10 58
35 11 121
35 12 58
35 13 60
35 14 62
35 15 85
35 16 66
35 17 95
35 18 85
35 19 75
35 20 57
35 21 49
35 22 64
35 23 55
35 24 63
35 25 65
35 26 48
35 27 78
35 28 64
35 29 48
35 30 31
35 31 31
35 32 41
35 33 43
35 34 60
35 35 70
35 36 42
35 37 42
35 38 50
35 39 58
35 40 57
35 41 49
35 42 48
35 43 41
35 44 22
35 45 20
35 46 9
35 47 11
35 48 8
35 49 12
35 50 12
35 51 11
35 52 12
35 53 15
35 54 8
35 55 7
35 56 2
35 57 0
35 58 1
35 59 3
35 60 6
35 61 14
35 62 23
35 63 26

36 0 39
36 1 27
36 2 99
36 3 15
36 4 17
36 5 104
36 6 46
36 7 42
36 8 73
36 9 145
36 10 67
36 11 141
36 12 52
36 13 73
36 14 54
36 15 76
36 16 83
36 17 89
36 18 85
36 19 65
36 20 49
36 21 57
36 22 55
36 23 60
36 24 60
36 25 60
36 26 56
36 27 48
36 28 42
36 29 40
36 30 28
36 31 32
36 32 44
36 33 58
36 34 69
36 35 83
36 36 68
36 37 46
36 38 44
36 39 62
36 40 68
36 41 37
36 42 32
36 43 37
36 44 43
36 45 27
36 46 88
36 47 16
36 48 18
36 49 33
36 50 19
36 51 11
36 52 9
36 53 12
36 54 8
36 55 4
36 56 2
36 57 0
36 58 1
36 59 5
36 60 12
36 61 19
36 62 32
36 63 40

37 0 53
37 1 35
37 2 21
37 3 98
37 4 101
37 5 40
37 6 122
37 7 52
37 8 67
37 9 74
37 10 139
37 11 52
37 12 56
37 13 55
37 14 59
37 15 63
37 16 75
37 17 94
37 18 69
37 19 69
37 20 53
37 21 63
37 22 62
37 23 65
37 24 43
37 25 60
37 26 64
37 27 78
37 28 55
37 29 42
37 30 25
37 31 30
37 32 39
37 33 45
37 34 48
37 35 62
37 36 83
37 37 84
37 38 47
37 39 52
37 40 55
37 41 40
37 42 42
37 43 27
37 44 38
37 45 114
37 46 165
37 47 99
37 48 21
37 49 11
37 50 24
37 51 13
37 52 6
37 53 7
37 54 4
37 55 2
37 56 2
37 57 1
37 58 10
37 59 13
37 60 14
37 61 25
37 62 34
37 63 42

38 0 35
38 1 35
38 2 27
38 3 25
38 4 23
38 5 112
38 6 52
38 7 129
38 8 53
38 9 74
38 10 67
38 11 49
38 12 55
38 13 72
38 14 69
38 15 70
38 16 81
38 17 76
38 18 72
38 19 60
38 20 56
38 21 71
38 22 68
38 23 64
38 24 64
38 25 72
38 26 69
38 27 79
38 28 47
38 29 36
38 30 26
38 31 23
38 32 29
38 33 47
38 34 33
38 35 52
38 36 91
38 37 89
38 38 68
38 39 51
38 40 48
38 41 41
38 42 28
38 43 39
38 44 39
38 45 24
38 46 101
38 47 23
38 48 23
38 49 18
38 50 17
38 51 9
38 52 14
38 53 11
38 54 3
38 55 1
38 56 4
38 57 6
38 58 13
38 59 19
38 60 122
38 61 24
38 62 31
38 63 64

39 0 44
39 1 36
39 2 118
39 3 117
39 4 43
39 5 125
39 6 36
39 7 49
39 8 127
39 9 63
39 10 45
39 11 52
39 12 55
39 13 68
39 14 72
39 15 63
39 16 82
39 17 87
39 18 59
39 19 53
39 20 55
39 21 54
39 22 67
39 23 68
39 24 58
39 25 98
39 26 71
39 27 50
39 28 35
39 29 22
39 30 17
39 31 22
39 32 31
39 33 46
39 34 67
39 35 53
39 36 62
39 37 65
39 38 70
39 39 59
39 40 61
39 41 49
39 42 32
39 43 29
39 44 35
39 45 32
39 46 30
39 47 29
39 48 32
39 49 83
39 50 16
39 51 16
39 52 13
39 53 17
39 54 9
39 55 3
39 56 4
39 57 8
39 58 11
39 59 121
39 60 232
39 61 137
39 62 28
39 63 40

40 0 48
40 1 135
40 2 32
40 3 43
40 4 139
40 5 29
40 6 121
40 7 123
40 8 49
40 9 37
40 10 30
40 11 40
40 12 50
40 13 57
40 14 44
40 15 74
40 16 80
40 17 71
40 18 63
40 19 56
40 20 57
40 21 65
40 22 67
40 23 86
40 24 146
40 25 138
40 26 90
40 27 50
40 28 25
40 29 17
40 30 9
40 31 22
40 32 39
40 33 70
40 34 57
40 35 56
40 36 77
40 37 75
40 38 87
40 39 60
40 40 53
40 41 55
40 42 39
40 43 37
40 44 34
40 45 45
40 46 24
40 47 42
40 48 110
40 49 165
40 50 90
40 51 12
40 52 22
40 53 17
40 54 10
40 55 0
40 56 3
40 57 9
40 58 17
40 59 22
40 60 139
40 61 36
40 62 40
40 63 46

41 0 37
41 1 122
41 2 36
41 3 142
41 4 56
41 5 50
41 6 51
41 7 47
41 8 34
41 9 37
41 10 31
41 11 31
41 12 36
41 13 46
41 14 64
41 15 68
41 16 73
41 17 73
41 18 73
41 19 58
41 20 65
41 21 64
41 22 64
41 23 79
41 24 136
41 25 143
41 26 53
41 27 52
41 28 21
41 29 20
41 30 23
41 31 34
41 32 33
41 33 76
41 34 66
41 35 50
41 36 82
41 37 78
41 38 88
41 39 77
41 40 71
41 41 41
41 42 43
41 43 42
41 44 39
41 45 40
41 46 29
41 47 37
41 48 25
41 49 107
41 50 14
41 51 19
41 52 10
41 53 10
41 54 4
41 55 4
41 56 1
41 57 3
41 58 11
41 59 17
41 60 21
41 61 38
41 62 46
41 63 57

42 0 26
42 1 34
42 2 132
42 3 40
42 4 35
42 5 37
42 6 53
42 7 35
42 8 31
42 9 22
42 10 24
42 11 23
42 12 28
42 13 31
42 14 41
42 15 69
42 16 95
42 17 78
42 18 53
42 19 72
42 20 53
42 21 43
42 22 66
42 23 49
42 24 100
42 25 112
42 26 45
42 27 41
42 28 31
42 29 26
42 30 37
42 31 44
42 32 159
42 33 54
42 34 38
42 35 39
42 36 61
42 37 90
42 38 78
42 39 60
42 40 50
42 41 51
42 42 47
42 43 32
42 44 36
42 45 35
42 46 103
42 47 16
42 48 27
42 49 36
42 50 18
42 51 20
42 52 11
42 53 11
42 54 6
42 55 8
42 56 0
42 57 0
42 58 4
42 59 13
42 60 19
42 61 38
42 62 50
42 63 34

43 0 35
43 1 33
43 2 37
43 3 56
43 4 57
43 5 58
43 6 63
43 7 52
43 8 34
43 9 15
43 10 12
43 11 34
43 12 31
43 13 27
43 14 45
43 15 77
43 16 67
43 17 83
43 18 75
43 19 71
43 20 60
43 21 68
43 22 139
43 23 142
43 24 62
43 25 72
43 26 50
43 27 53
43 28 45
43 29 29
43 30 45
43 31 151
43 32 63
43 33 171
43 34 42
43 35 52
43 36 53
43 37 87
43 38 59
43 39 43
43 40 43
43 41 49
43 42 43
43 43 30
43 44 23
43 45 89
43 46 160
43 47 86
43 48 23
43 49 20
43 50 13
43 51 9
43 52 12
43 53 9
43 54 10
43 55 5
43 56 6
43 57 0
43 58 2
43 59 19
43 60 24
43 61 17
43 62 38
43 63 36

44 0 39
44 1 48
44 2 43
44 3 64
44 4 49
44 5 54
44 6 67
44 7 119
44 8 113
44 9 33
44 10 53
44 11 18
44 12 28
44 13 48
44 14 41
44 15 71
44 16 78
44 17 97
44 18 84
44 19 77
44 20 79
44 21 72
44 22 143
44 23 150
44 24 63
44 25 68
44 26 58
44 27 52
44 28 59
44 29 41
44 30 39
44 31 170
44 32 172
44 33 62
44 34 58
44 35 40
44 36 44
44 37 44
44 38 36
44 39 39
44 40 38
44 41 53
44 42 60
44 43 34
44 44 30
44 45 27
44 46 85
44 47 26
44 48 24
44 49 22
44 50 10
44 51 6
44 52 10
44 53 11
44 54 7
44 55 7
44 56 4
44 57 8
44 58 9
44 59 14
44 60 18
44 61 27
44 62 23
44 63 34

45 0 26
45 1 32
45 2 36
45 3 57
45 4 63
45 5 52
45 6 120
45 7 46
45 8 39
45 9 109
45 10 43
45 11 53
45 12 40
45 13 41
45 14 50
45 15 59
45 16 79
45 17 71
45 18 106
45 19 97
45 20 82
45 21 76
45 22 64
45 23 63
45 24 68
45 25 56
45 26 51
45 27 55
45 28 57
45 29 32
45 30 38
45 31 42
45 32 46
45 33 58
45 34 40
45 35 40
45 36 54
45 37 45
45 38 27
45 39 34
45 40 39
45 41 69
45 42 107
45 43 63
45 44 27
45 45 29
45 46 28
45 47 19
45 48 25
45 49 22
45 50 20
45 51 24
45 52 16
45 53 13
45 54 6
45 55 6
45 56 7
45 57 8
45 58 12
45 59 13
45 60 23
45 61 20
45 62 18
45 63 33

46 0 37
46 1 43
46 2 37
46 3 35
46 4 44
46 5 52
46 6 57
46 7 111
46 8 107
46 9 39
46 10 15
46 11 17
46 12 43
46 13 44
46 14 53
46 15 41
46 16 57
46 17 66
46 18 67
46 19 99
46 20 120
46 21 88
46 22 97
46 23 64
46 24 46
46 25 54
46 26 61
46 27 64
46 28 67
46 29 58
46 30 31
46 31 35
46 32 43
46 33 33
46 34 39
46 35 33
46 36 40
46 37 44
46 38 33
46 39 36
46 40 31
46 41 49
46 42 71
46 43 47
46 44 28
46 45 27
46 46 23
46 47 19
46 48 21
46 49 26
46 50 30
46 51 18
46 52 29
46 53 13
46 54 4
46 55 3
46 56 7
46 57 13
46 58 20
46 59 14
46 60 21
46 61 13
46 62 25
46 63 25

47 0 42
47 1 36
47 2 37
47 3 39
47 4 46
47 5 46
47 6 52
47 7 32
47 8 31
47 9 20
47 10 28
47 11 36
47 12 27
47 13 42
47 14 53
47 15 59
47 16 55
47 17 53
47 18 78
47 19 151
47 20 149
47 21 98
47 22 62
47 23 50
47 24 47
47 25 63
47 26 64
47 27 65
47 28 100
47 29 68
47 30 54
47 31 54
47 32 41
47 33 48
47 34 24
47 35 29
47 36 36
47 37 33
47 38 34
47 39 123
47 40 97
47 41 50
47 42 50
47 43 52
47 44 31
47 45 58
47 46 28
47 47 26
47 48 34
47 49 41
47 50 46
47 51 17
47 52 32
47 53 15
47 54 5
47 55 6
47 56 11
47 57 17
47 58 12
47 59 19
47 60 13
47 61 17
47 62 24
47 63 28

48 0 28
48 1 48
48 2 52
48 3 40
48 4 44
48 5 41
48 6 36
48 7 26
48 8 22
48 9 23
48 10 29
48 11 22
48 12 34
48 13 44
48 14 46
48 15 63
48 16 56
48 17 46
48 18 124
48 19 65
48 20 73
48 21 131
48 22 52
48 23 50
48 24 51
48 25 51
48 26 60
48 27 61
48 28 85
48 29 70
48 30 76
48 31 47
48 32 29
48 33 32
48 34 34
48 35 41
48 36 37
48 37 55
48 38 116
48 39 109
48 40 81
48 41 98
48 42 56
48 43 43
48 44 77
48 45 95
48 46 72
48 47 33
48 48 37
48 49 33
48 50 25
48 51 41
48 52 28
48 53 17
48 54 9
48 55 14
48 56 12
48 57 13
48 58 19
48 59 10
48 60 15
48 61 25
48 62 29
48 63 31

49 0 25
49 1 31
49 2 43
49 3 54
49 4 33
49 5 39
49 6 42
49 7 75
49 8 30
49 9 27
49 10 33
49 11 26
49 12 38
49 13 51
49 14 61
49 15 71
49 16 53
49 17 44
49 18 34
49 19 109
49 20 115
49 21 57
49 22 50
49 23 51
49 24 47
49 25 60
49 26 53
49 27 69
49 28 84
49 29 70
49 30 53
49 31 54
49 32 49
49 33 50
49 34 43
49 35 38
49 36 52
49 37 69
49 38 53
49 39 117
49 40 44
49 41 92
49 42 52
49 43 45
49 44 34
49 45 51
49 46 39
49 47 35
49 48 22
49 49 34
49 50 36
49 51 51
49 52 41
49 53 32
49 54 25
49 55 29
49 56 23
49 57 17
49 58 21
49 59 19
49 60 15
49 61 9
49 62 16
49 63 24

50 0 19
50 1 20
50 2 38
50 3 46
50 4 46
50 5 49
50 6 111
50 7 61
50 8 83
50 9 44
50 10 59
50 11 49
50 12 48
50 13 86
50 14 90
50 15 72
50 16 72
50 17 54
50 18 37
50 19 46
50 20 46
50 21 93
50 22 87
50 23 53
50 24 72
50 25 65
50 26 79
50 27 76
50 28 61
50 29 76
50 30 54
50 31 44
50 32 70
50 33 25
50 34 35
50 35 26
50 36 37
50 37 43
50 38 31
50 39 39
50 40 84
50 41 39
50 42 79
50 43 26
50 44 49
50 45 39
50 46 49
50 47 44
50 48 44
50 49 38
50 50 57
50 51 50
50 52 69
50 53 62
50 54 44
50 55 40
50 56 34
50 57 42
50 58 21
50 59 21
50 60 9
50 61 13
50 62 21
50 63 23

51 0 28
51 1 35
51 2 37
51 3 41
51 4 37
51 5 59
51 6 91
51 7 63
51 8 57
51 9 101
51 10 63
51 11 59
51 12 82
51 13 66
51 14 66
51 15 87
51 16 55
51 17 68
51 18 42
51 19 36
51 20 55
51 21 106
51 22 93
51 23 81
51 24 77
51 25 70
51 26 58
51 27 71
51 28 88
51 29 62
51 30 51
51 31 67
51 32 32
51 33 62
51 34 29
51 35 32
51 36 21
51 37 23
51 38 18
51 39 30
51 40 50
51 41 69
51 42 87
51 43 69
51 44 47
51 45 43
51 46 55
51 47 52
51 48 41
51 49 47
51 50 60
51 51 66
51 52 68
51 53 54
51 54 53
51 55 47
51 56 56
51 57 39
51 58 43
51 59 13
51 60 23
51 61 31
51 62 32
51 63 143

52 0 130
52 1 32
52 2 51
52 3 55
52 4 44
52 5 67
52 6 74
52 7 99
52 8 107
52 9 72
52 10 76
52 11 68
52 12 37
52 13 76
52 14 82
52 15 54
52 16 41
52 17 57
52 18 46
52 19 55
52 20 61
52 21 56
52 22 67
52 23 61
52 24 70
52 25 61
52 26 61
52 27 65
52 28 48
52 29 65
52 30 77
52 31 43
52 32 24
52 33 57
52 34 28
52 35 30
52 36 28
52 37 28
52 38 26
52 39 22
52 40 26
52 41 39
52 42 66
52 43 50
52 44 58
52 45 70
52 46 53
52 47 54
52 48 50
52 49 52
52 50 59
52 51 51
52 52 52
52 53 48
52 54 52
52 55 48
52 56 54
52 57 41
52 58 31
52 59 27
52 60 30
52 61 31
52 62 149
52 63 41

53 0 35
53 1 32
53 2 45
53 3 63
53 4 64
53 5 54
53 6 55
53 7 67
53 8 78
53 9 75
53 10 63
53 11 61
53 12 58
53 13 54
53 14 46
53 15 55
53 16 40
53 17 33
53 18 56
53 19 63
53 20 56
53 21 55
53 22 60
53 23 60
53 24 69
53 25 59
53 26 59
53 27 63
53 28 58
53 29 51
53 30 38
53 31 67
53 32 54
53 33 29
53 34 38
53 35 32
53 36 35
53 37 34
53 38 44
53 39 33
53 40 35
53 41 52
53 42 44
53 43 52
53 44 63
53 45 52
53 46 91
53 47 58
53 48 74
53 49 69
53 50 63
53 51 47
53 52 45
53 53 55
53 54 55
53 55 45
53 56 51
53 57 42
53 58 30
53 59 27
53 60 26
53 61 33
53 62 148
53 63 140

54 0 30
54 1 32
54 2 40
54 3 44
54 4 55
54 5 64
54 6 73
54 7 61
54 8 66
54 9 72
54 10 84
54 11 66
54 12 66
54 13 42
54 14 50
54 15 44
54 16 36
54 17 36
54 18 48
54 19 72
54 20 52
54 21 45
54 22 60
54 23 52
54 24 55
54 25 49
54 26 54
54 27 67
54 28 60
54 29 40
54 30 51
54 31 27
54 32 31
54 33 19
54 34 33
54 35 35
54 36 35
54 37 44
54 38 43
54 39 49
54 40 50
54 41 48
54 42 63
54 43 64
54 44 73
54 45 104
54 46 148
54 47 99
54 48 70
54 49 78
54 50 59
54 51 60
54 52 42
54 53 36
54 54 30
54 55 37
54 56 44
54 57 30
54 58 23
54 59 35
54 60 32
54 61 27
54 62 35
54 63 41

55 0 41
55 1 40
55 2 36
55 3 54
55 4 56
55 5 63
55 6 67
55 7 63
55 8 74
55 9 87
55 10 84
55 11 78
55 12 60
55 13 50
55 14 52
55 15 39
55 16 50
55 17 37
55 18 48
55 19 43
55 20 46
55 21 60
55 22 70
55 23 58
55 24 49
55 25 40
55 26 38
55 27 55
55 28 78
55 29 53
55 30 46
55 31 40
55 32 32
55 33 22
55 34 21
55 35 26
55 36 35
55 37 42
55 38 37
55 39 60
55 40 55
55 41 60
55 42 57
55 43 66
55 44 75
55 45 65
55 46 90
55 47 80
55 48 67
55 49 63
55 50 55
55 51 50
55 52 34
55 53 28
55 54 27
55 55 33
55 56 25
55 57 17
55 58 15
55 59 21
55 60 19
55 61 43
55 62 24
55 63 35

56 0 29
56 1 150
56 2 164
56 3 56
56 4 64
56 5 53
56 6 67
56 7 61
56 8 76
56 9 92
56 10 79
56 11 90
56 12 72
56 13 53
56 14 36
56 15 38
56 16 43
56 17 61
56 18 64
56 19 60
56 20 50
56 21 65
56 22 60
56 23 53
56 24 67
56 25 54
56 26 37
56 27 71
56 28 70
56 29 70
56 30 65
56 31 47
56 32 36
56 33 34
56 34 27
56 35 132
56 36 147
56 37 38
56 38 41
56 39 53
56 40 51
56 41 52
56 42 68
56 43 67
56 44 79
56 45 76
56 46 71
56 47 50
56 48 55
56 49 67
56 50 61
56 51 51
56 52 56
56 53 43
56 54 36
56 55 26
56 56 26
56 57 12
56 58 6
56 59 8
56 60 24
56 61 16
56 62 40
56 63 38

57 0 151
57 1 59
57 2 66
57 3 179
57 4 55
57 5 58
57 6 53
57 7 62
57 8 76
57 9 74
57 10 104
57 11 135
57 12 101
57 13 57
57 14 58
57 15 36
57 16 38
57 17 43
57 18 45
57 19 61
57 20 47
57 21 55
57 22 48
57 23 52
57 24 68
57 25 70
57 26 66
57 27 54
57 28 69
57 29 68
57 30 45
57 31 44
57 32 37
57 33 30
57 34 48
57 35 105
57 36 116
57 37 56
57 38 45
57 39 35
57 40 40
57 41 68
57 42 76
57 43 87
57 44 103
57 45 75
57 46 76
57 47 63
57 48 51
57 49 57
57 50 57
57 51 69
57 52 62
57 53 46
57 54 42
57 55 24
57 56 19
57 57 28
57 58 11
57 59 14
57 60 22
57 61 29
57 62 36
57 63 24

58 0 31
58 1 152
58 2 54
58 3 171
58 4 43
58 5 57
58 6 50
58 7 59
58 8 73
58 9 65
58 10 70
58 11 118
58 12 81
58 13 55
58 14 33
58 15 49
58 16 32
58 17 46
58 18 46
58 19 33
58 20 34
58 21 46
58 22 53
58 23 67
58 24 90
58 25 101
58 26 83
58 27 71
58 28 64
58 29 60
58 30 55
58 31 44
58 32 32
58 33 25
58 34 29
58 35 44
58 36 59
58 37 31
58 38 43
58 39 39
58 40 23
58 41 63
58 42 66
58 43 82
58 44 97
58 45 80
58 46 83
58 47 55
58 48 57
58 49 45
58 50 50
58 51 43
58 52 66
58 53 256
58 54 28
58 55 30
58 56 21
58 57 30
58 58 21
58 59 16
58 60 22
58 61 22
58 62 28
58 63 31

59 0 30
59 1 29
59 2 161
59 3 49
59 4 43
59 5 55
59 6 50
59 7 50
59 8 89
59 9 79
59 10 66
59 11 76
59 12 52
59 13 48
59 14 46
59 15 39
59 16 35
59 17 31
59 18 37
59 19 32
59 20 25
59 21 29
59 22 52
59 23 74
59 24 94
59 25 78
59 26 61
59 27 55
59 28 52
59 29 39
59 30 51
59 31 48
59 32 30
59 33 22
59 34 21
59 35 29
59 36 41
59 37 34
59 38 26
59 39 29
59 40 36
59 41 43
59 42 66
59 43 80
59 44 85
59 45 55
59 46 46
59 47 45
59 48 49
59 49 58
59 50 47
59 51 46
59 52 238
59 53 58
59 54 244
59 55 21
59 56 21
59 57 27
59 58 16
59 59 18
59 60 14
59 61 11
59 62 22
59 63 18

60 0 29
60 1 41
60 2 49
60 3 59
60 4 59
60 5 43
60 6 64
60 7 87
60 8 118
60 9 113
60 10 68
60 11 53
60 12 58
60 13 61
60 14 52
60 15 41
60 16 42
60 17 33
60 18 25
60 19 33
60 20 19
60 21 36
60 22 52
60 23 61
60 24 68
60 25 76
60 26 69
60 27 67
60 28 67
60 29 59
60 30 50
60 31 32
60 32 39
60 33 31
60 34 39
60 35 32
60 36 34
60 37 32
60 38 22
60 39 23
60 40 26
60 41 47
60 42 201
60 43 211
60 44 58
60 45 61
60 46 37
60 47 43
60 48 52
60 49 50
60 50 37
60 51 46
60 52 243
60 53 55
60 54 238
60 55 32
60 56 28
60 57 27
60 58 13
60 59 20
60 60 14
60 61 11
60 62 20
60 63 27

61 0 26
61 1 53
61 2 43
61 3 75
61 4 63
61 5 57
61 6 49
61 7 58
61 8 86
61 9 66
61 10 56
61 11 52
61 12 54
61 13 52
61 14 58
61 15 31
61 16 36
61 17 40
61 18 29
61 19 30
61 20 24
61 21 35
61 22 38
61 23 52
61 24 54
61 25 47
61 26 64
61 27 54
61 28 60
61 29 57
61 30 58
61 31 35
61 32 34
61 33 37
61 34 36
61 35 29
61 36 39
61 37 20
61 38 20
61 39 18
61 40 19
61 41 30
61 42 183
61 43 191
61 44 36
61 45 39
61 46 45
61 47 48
61 48 57
61 49 45
61 50 45
61 51 59
61 52 59
61 53 253
61 54 36
61 55 31
61 56 22
61 57 17
61 58 25
61 59 27
61 60 21
61 61 24
61 62 19
61 63 17

62 0 33
62 1 26
62 2 40
62 3 42
62 4 43
62 5 40
62 6 41
62 7 41
62 8 52
62 9 46
62 10 43
62 11 75
62 12 47
62 13 71
62 14 53
62 15 45
62 16 38
62 17 36
62 18 45
62 19 46
62 20 30
62 21 23
62 22 33
62 23 45
62 24 47
62 25 46
62 26 75
62 27 53
62 28 58
62 29 47
62 30 62
62 31 50
62 32 31
62 33 50
62 34 41
62 35 35
62 36 45
62 37 32
62 38 32
62 39 29
62 40 25
62 41 23
62 42 36
62 43 30
62 44 35
62 45 38
62 46 59
62 47 48
62 48 46
62 49 33
62 50 55
62 51 65
62 52 68
62 53 47
62 54 38
62 55 21
62 56 23
62 57 18
62 58 20
62 59 28
62 60 29
62 61 22
62 62 15
62 63 16

63 0 6
63 1 19
63 2 18
63 3 32
63 4 49
63 5 55
63 6 41
63 7 43
63 8 59
63 9 54
63 10 70
63 11 113
63 12 72
63 13 50
63 14 43
63 15 37
63 16 35
63 17 41
63 18 40
63 19 38
63 20 26
63 21 23
63 22 27
63 23 43
63 24 25
63 25 37
63 26 64
63 27 53
63 28 41
63 29 52
63 30 45
63 31 49
63 32 32
63 33 30
63 34 43
63 35 33
63 36 35
63 37 35
63 38 31
63 39 22
63 40 24
63 41 35
63 42 27
63 43 29
63 44 35
63 45 49
63 46 54
63 47 49
63 48 60
63 49 48
63 50 43
63 51 46
63 52 50
63 53 41
63 54 33
63 55 38
63 56 32
63 57 19
63 58 18
63 59 21
63 60 20
63 61 10
63 62 11
63 63 22

