0 0 30
0 1 25
0 2 31
0 3 36
0 4 28
0 5 41
0 6 53
0 7 53
0 8 48
0 9 60
0 10 54
0 11 50
0 12 49
0 13 51
0 14 50
0 15 50
0 16 41
0 17 50
0 18 50
0 19 43
0 20 30
0 21 27
0 22 32
0 23 31
0 24 25
0 25 34
0 26 41
0 27 42
0 28 51
0 29 50
0 30 48
0 31 35
0 32 28
0 33 33
0 34 33
0 35 38
0 36 46
0 37 50
0 38 54
0 39 58
0 40 53
0 41 53
0 42 42
0 43 39
0 44 49
0 45 51
0 46 52
0 47 63
0 48 58
0 49 70
0 50 47
0 51 37
0 52 38
0 53 37
0 54 46
0 55 30
0 56 25
0 57 22
0 58 19
0 59 19
0 60 15
0 61 11
0 62 20
0 63 24

1 0 26
1 1 15
1 2 23
1 3 23
1 4 28
1 5 29
1 6 37
1 7 41
1 8 42
1 9 49
1 10 45
1 11 35
1 12 33
1 13 46
1 14 50
1 15 43
1 16 45
1 17 50
1 18 36
1 19 31
1 20 36
1 21 33
1 22 27
1 23 18
1 24 16
1 25 18
1 26 36
1 27 52
1 28 51
1 29 66
1 30 54
1 31 30
1 32 28
1 33 33
1 34 40
1 35 49
1 36 52
1 37 63
1 38 65
1 39 53
1 40 48
1 41 55
1 42 53
1 43 43
1 44 53
1 45 50
1 46 47
1 47 47
1 48 53
1 49 65
1 50 47
1 51 33
1 52 31
1 53 38
1 54 40
1 55 39
1 56 16
1 57 15
1 58 16
1 59 15
1 60 16
1 61 13
1 62 21
1 63 22

2 0 23
2 1 23
2 2 21
2 3 25
2 4 24
2 5 33
2 6 35
2 7 39
2 8 35
2 9 35
2 10 32
2 11 29
2 12 26
2 13 42
2 14 42
2 15 40
2 16 42
2 17 39
2 18 34
2 19 25
2 20 37
2 21 40
2 22 27
2 23 8
2 24 15
2 25 34
2 26 48
2 27 42
2 28 46
2 29 44
2 30 42
2 31 42
2 32 31
2 33 40
2 34 49
2 35 52
2 36 56
2 37 54
2 38 50
2 39 40
2 40 52
2 41 42
2 42 60
2 43 55
2 44 45
2 45 48
2 46 46
2 47 46
2 48 54
2 49 57
2 50 52
2 51 51
2 52 48
2 53 40
2 54 39
2 55 30
2 56 14
2 57 13
2 58 16
2 59 15
2 60 6
2 61 10
2 62 22
2 63 27

3 0 17
3 1 17
3 2 21
3 3 32
3 4 39
3 5 33
3 6 33
3 7 22
3 8 24
3 9 27
3 10 25
3 11 33
3 12 42
3 13 40
3 14 42
3 15 39
3 16 39
3 17 29
3 18 29
3 19 33
3 20 37
3 21 22
3 22 30
3 23 17
3 24 20
3 25 37
3 26 48
3 27 51
3 28 53
3 29 51
3 30 46
3 31 24
3 32 20
3 33 35
3 34 51
3 35 49
3 36 57
3 37 57
3 38 49
3 39 39
3 40 45
3 41 52
3 42 49
3 43 46
3 44 44
3 45 51
3 46 49
3 47 48
3 48 50
3 49 55
3 50 60
3 51 56
3 52 51
3 53 39
3 54 32
3 55 33
3 56 16
3 57 11
3 58 5
3 59 5
3 60 10
3 61 12
3 62 12
3 63 17

4 0 18
4 1 29
4 2 31
4 3 21
4 4 29
4 5 28
4 6 23
4 7 23
4 8 29
4 9 32
4 10 31
4 11 38
4 12 28
4 13 26
4 14 37
4 15 33
4 16 21
4 17 31
4 18 36
4 19 24
4 20 24
4 21 24
4 22 26
4 23 23
4 24 36
4 25 55
4 26 51
4 27 59
4 28 59
4 29 56
4 30 48
4 31 34
4 32 33
4 33 33
4 34 32
4 35 43
4 36 52
4 37 52
4 38 48
4 39 38
4 40 32
4 41 42
4 42 34
4 43 40
4 44 47
4 45 42
4 46 58
4 47 48
4 48 57
4 49 69
4 50 64
4 51 56
4 52 54
4 53 49
4 54 38
4 55 36
4 56 20
4 57 19
4 58 13
4 59 11
4 60 16
4 61 13
4 62 21
4 63 16

5 0 27
5 1 28
5 2 30
5 3 26
5 4 20
5 5 20
5 6 24
5 7 18
5 8 26
5 9 27
5 10 30
5 11 38
5 12 31
5 13 14
5 14 30
5 15 28
5 16 26
5 17 25
5 18 20
5 19 27
5 20 29
5 21 24
5 22 18
5 23 29
5 24 34
5 25 50
5 26 59
5 27 49
5 28 60
5 29 61
5 30 42
5 31 25
5 32 33
5 33 33
5 34 29
5 35 41
5 36 44
5 37 47
5 38 37
5 39 28
5 40 39
5 41 25
5 42 34
5 43 35
5 44 40
5 45 40
5 46 40
5 47 63
5 48 55
5 49 56
5 50 70
5 51 72
5 52 51
5 53 50
5 54 42
5 55 31
5 56 39
5 57 27
5 58 28
5 59 21
5 60 12
5 61 11
5 62 14
5 63 20

6 0 19
6 1 24
6 2 26
6 3 28
6 4 20
6 5 16
6 6 19
6 7 18
6 8 22
6 9 28
6 10 30
6 11 28
6 12 27
6 13 21
6 14 22
6 15 23
6 16 24
6 17 16
6 18 18
6 19 22
6 20 19
6 21 21
6 22 21
6 23 31
6 24 42
6 25 36
6 26 50
6 27 57
6 28 51
6 29 46
6 30 28
6 31 24
6 32 29
6 33 20
6 34 28
6 35 39
6 36 31
6 37 37
6 38 22
6 39 24
6 40 28
6 41 30
6 42 32
6 43 20
6 44 21
6 45 33
6 46 59
6 47 69
6 48 93
6 49 74
6 50 65
6 51 69
6 52 59
6 53 50
6 54 62
6 55 46
6 56 43
6 57 33
6 58 36
6 59 32
6 60 23
6 61 14
6 62 15
6 63 15

7 0 22
7 1 26
7 2 24
7 3 22
7 4 18
7 5 15
7 6 10
7 7 7
7 8 17
7 9 23
7 10 24
7 11 31
7 12 31
7 13 26
7 14 22
7 15 23
7 16 29
7 17 12
7 18 20
7 19 14
7 20 11
7 21 8
7 22 20
7 23 22
7 24 33
7 25 45
7 26 43
7 27 43
7 28 36
7 29 34
7 30 29
7 31 20
7 32 14
7 33 23
7 34 24
7 35 39
7 36 31
7 37 27
7 38 28
7 39 21
7 40 16
7 41 18
7 42 21
7 43 14
7 44 30
7 45 39
7 46 59
7 47 79
7 48 95
7 49 83
7 50 71
7 51 60
7 52 56
7 53 61
7 54 52
7 55 55
7 56 45
7 57 31
7 58 48
7 59 44
7 60 38
7 61 25
7 62 11
7 63 20

8 0 20
8 1 23
8 2 13
8 3 16
8 4 12
8 5 10
8 6 8
8 7 7
8 8 9
8 9 16
8 10 16
8 11 14
8 12 18
8 13 20
8 14 25
8 15 14
8 16 27
8 17 28
8 18 22
8 19 9
8 20 6
8 21 13
8 22 10
8 23 12
8 24 17
8 25 33
8 26 37
8 27 40
8 28 39
8 29 24
8 30 22
8 31 27
8 32 27
8 33 18
8 34 17
8 35 13
8 36 22
8 37 20
8 38 28
8 39 36
8 40 28
8 41 16
8 42 15
8 43 39
8 44 62
8 45 69
8 46 63
8 47 74
8 48 86
8 49 78
8 50 71
8 51 62
8 52 69
8 53 38
8 54 47
8 55 50
8 56 37
8 57 26
8 58 43
8 59 49
8 60 37
8 61 39
8 62 25
8 63 18

9 0 24
9 1 10
9 2 16
9 3 14
9 4 11
9 5 15
9 6 12
9 7 6
9 8 12
9 9 12
9 10 7
9 11 14
9 12 9
9 13 18
9 14 8
9 15 19
9 16 24
9 17 26
9 18 18
9 19 9
9 20 11
9 21 13
9 22 10
9 23 12
9 24 20
9 25 21
9 26 33
9 27 43
9 28 32
9 29 47
9 30 23
9 31 12
9 32 19
9 33 17
9 34 25
9 35 22
9 36 21
9 37 20
9 38 24
9 39 23
9 40 31
9 41 16
9 42 36
9 43 49
9 44 67
9 45 72
9 46 65
9 47 62
9 48 76
9 49 60
9 50 85
9 51 60
9 52 56
9 53 55
9 54 43
9 55 32
9 56 32
9 57 27
9 58 40
9 59 44
9 60 41
9 61 22
9 62 22
9 63 26

10 0 13
10 1 16
10 2 16
10 3 18
10 4 15
10 5 25
10 6 14
10 7 9
10 8 4
10 9 10
10 10 13
10 11 8
10 12 10
10 13 15
10 14 18
10 15 22
10 16 23
10 17 28
10 18 22
10 19 8
10 20 8
10 21 16
10 22 17
10 23 13
10 24 18
10 25 13
10 26 20
10 27 31
10 28 40
10 29 39
10 30 22
10 31 15
10 32 14
10 33 14
10 34 12
10 35 22
10 36 18
10 37 15
10 38 23
10 39 27
10 40 29
10 41 47
10 42 44
10 43 51
10 44 55
10 45 60
10 46 57
10 47 62
10 48 68
10 49 63
10 50 58
10 51 58
10 52 57
10 53 44
10 54 51
10 55 28
10 56 25
10 57 30
10 58 27
10 59 38
10 60 34
10 61 27
10 62 20
10 63 20

11 0 28
11 1 26
11 2 24
11 3 23
11 4 31
11 5 28
11 6 29
11 7 26
11 8 6
11 9 3
11 10 9
11 11 8
11 12 17
11 13 21
11 14 30
11 15 30
11 16 35
11 17 32
11 18 25
11 19 17
11 20 12
11 21 10
11 22 9
11 23 22
11 24 16
11 25 19
11 26 29
11 27 27
11 28 36
11 29 38
11 30 30
11 31 34
11 32 27
11 33 31
11 34 22
11 35 13
11 36 16
11 37 25
11 38 27
11 39 32
11 40 51
11 41 54
11 42 49
11 43 49
11 44 54
11 45 44
11 46 59
11 47 58
11 48 53
11 49 46
11 50 44
11 51 42
11 52 44
11 53 37
11 54 34
11 55 30
11 56 29
11 57 28
11 58 38
11 59 24
11 60 30
11 61 23
11 62 21
11 63 15

12 0 33
12 1 34
12 2 34
12 3 32
12 4 27
12 5 36
12 6 28
12 7 27
12 8 16
12 9 5
12 10 6
12 11 8
12 12 13
12 13 16
12 14 26
12 15 35
12 16 39
12 17 33
12 18 29
12 19 18
12 20 12
12 21 18
12 22 16
12 23 24
12 24 18
12 25 27
12 26 13
12 27 32
12 28 25
12 29 29
12 30 42
12 31 36
12 32 35
12 33 35
12 34 32
12 35 16
12 36 14
12 37 19
12 38 23
12 39 42
12 40 54
12 41 46
12 42 50
12 43 44
12 44 43
12 45 38
12 46 49
12 47 59
12 48 53
12 49 48
12 50 41
12 51 49
12 52 26
12 53 19
12 54 22
12 55 29
12 56 39
12 57 47
12 58 46
12 59 59
12 60 38
12 61 43
12 62 27
12 63 20

13 0 51
13 1 38
13 2 31
13 3 33
13 4 33
13 5 33
13 6 29
13 7 28
13 8 12
13 9 8
13 10 2
13 11 2
13 12 11
13 13 19
13 14 30
13 15 47
13 16 47
13 17 38
13 18 44
13 19 30
13 20 28
13 21 20
13 22 24
13 23 23
13 24 22
13 25 30
13 26 23
13 27 21
13 28 24
13 29 32
13 30 44
13 31 35
13 32 39
13 33 45
13 34 24
13 35 14
13 36 17
13 37 6
13 38 12
13 39 27
13 40 35
13 41 34
13 42 37
13 43 39
13 44 39
13 45 33
13 46 30
13 47 45
13 48 31
13 49 44
13 50 34
13 51 39
13 52 22
13 53 23
13 54 26
13 55 32
13 56 45
13 57 59
13 58 55
13 59 61
13 60 63
13 61 50
13 62 54
13 63 47

14 0 59
14 1 53
14 2 39
14 3 26
14 4 36
14 5 31
14 6 28
14 7 18
14 8 11
14 9 5
14 10 3
14 11 10
14 12 15
14 13 14
14 14 38
14 15 50
14 16 42
14 17 46
14 18 45
14 19 41
14 20 25
14 21 37
14 22 26
14 23 30
14 24 24
14 25 24
14 26 25
14 27 25
14 28 24
14 29 28
14 30 29
14 31 37
14 32 38
14 33 20
14 34 22
14 35 22
14 36 16
14 37 14
14 38 17
14 39 28
14 40 25
14 41 28
14 42 34
14 43 27
14 44 37
14 45 31
14 46 26
14 47 17
14 48 29
14 49 34
14 50 57
14 51 48
14 52 44
14 53 37
14 54 39
14 55 38
14 56 54
14 57 58
14 58 53
14 59 50
14 60 68
14 61 52
14 62 52
14 63 68

15 0 58
15 1 63
15 2 39
15 3 31
15 4 22
15 5 35
15 6 23
15 7 10
15 8 7
15 9 4
15 10 14
15 11 20
15 12 20
15 13 26
15 14 39
15 15 53
15 16 65
15 17 60
15 18 61
15 19 52
15 20 41
15 21 32
15 22 35
15 23 36
15 24 36
15 25 29
15 26 22
15 27 22
15 28 23
15 29 16
15 30 23
15 31 42
15 32 22
15 33 26
15 34 16
15 35 21
15 36 15
15 37 18
15 38 23
15 39 17
15 40 25
15 41 24
15 42 22
15 43 21
15 44 18
15 45 18
15 46 20
15 47 14
15 48 35
15 49 43
15 50 47
15 51 52
15 52 52
15 53 52
15 54 57
15 55 59
15 56 56
15 57 60
15 58 54
15 59 55
15 60 56
15 61 50
15 62 60
15 63 61

16 0 60
16 1 45
16 2 34
16 3 36
16 4 17
16 5 23
16 6 18
16 7 18
16 8 18
16 9 19
16 10 24
16 11 26
16 12 29
16 13 31
16 14 43
16 15 57
16 16 56
16 17 78
16 18 81
16 19 63
16 20 47
16 21 51
16 22 50
16 23 40
16 24 43
16 25 35
16 26 28
16 27 28
16 28 23
16 29 16
16 30 33
16 31 28
16 32 20
16 33 10
16 34 16
16 35 7
16 36 11
16 37 15
16 38 10
16 39 15
16 40 12
16 41 11
16 42 11
16 43 13
16 44 9
16 45 7
16 46 10
16 47 13
16 48 21
16 49 42
16 50 45
16 51 47
16 52 45
16 53 55
16 54 49
16 55 59
16 56 52
16 57 55
16 58 57
16 59 48
16 60 42
16 61 52
16 62 65
16 63 75

17 0 57
17 1 53
17 2 34
17 3 18
17 4 16
17 5 19
17 6 20
17 7 30
17 8 29
17 9 33
17 10 32
17 11 29
17 12 52
17 13 47
17 14 41
17 15 52
17 16 76
17 17 80
17 18 81
17 19 67
17 20 56
17 21 62
17 22 63
17 23 46
17 24 32
17 25 35
17 26 22
17 27 29
17 28 21
17 29 22
17 30 14
17 31 19
17 32 19
17 33 12
17 34 17
17 35 18
17 36 8
17 37 15
17 38 12
17 39 7
17 40 6
17 41 4
17 42 5
17 43 5
17 44 0
17 45 1
17 46 8
17 47 7
17 48 12
17 49 29
17 50 23
17 51 35
17 52 47
17 53 48
17 54 46
17 55 48
17 56 62
17 57 51
17 58 54
17 59 49
17 60 59
17 61 61
17 62 62
17 63 66

18 0 52
18 1 40
18 2 34
18 3 16
18 4 15
18 5 22
18 6 26
18 7 43
18 8 25
18 9 27
18 10 33
18 11 39
18 12 58
18 13 57
18 14 56
18 15 73
18 16 78
18 17 70
18 18 73
18 19 70
18 20 63
18 21 57
18 22 67
18 23 68
18 24 43
18 25 31
18 26 22
18 27 16
18 28 16
18 29 12
18 30 19
18 31 17
18 32 27
18 33 26
18 34 19
18 35 18
18 36 16
18 37 11
18 38 9
18 39 6
18 40 4
18 41 6
18 42 4
18 43 0
18 44 1
18 45 0
18 46 5
18 47 10
18 48 10
18 49 24
18 50 21
18 51 23
18 52 26
18 53 30
18 54 46
18 55 55
18 56 49
18 57 72
18 58 56
18 59 48
18 60 51
18 61 53
18 62 69
18 63 77

19 0 59
19 1 44
19 2 43
19 3 27
19 4 31
19 5 31
19 6 30
19 7 34
19 8 49
19 9 39
19 10 37
19 11 49
19 12 61
19 13 56
19 14 61
19 15 59
19 16 73
19 17 74
19 18 74
19 19 70
19 20 66
19 21 67
19 22 70
19 23 55
19 24 55
19 25 31
19 26 23
19 27 25
19 28 19
19 29 19
19 30 19
19 31 22
19 32 34
19 33 24
19 34 30
19 35 27
19 36 23
19 37 16
19 38 0
19 39 7
19 40 6
19 41 9
19 42 5
19 43 2
19 44 1
19 45 3
19 46 2
19 47 11
19 48 8
19 49 10
19 50 25
19 51 21
19 52 28
19 53 35
19 54 28
19 55 37
19 56 42
19 57 52
19 58 45
19 59 63
19 60 72
19 61 66
19 62 75
19 63 63

20 0 74
20 1 60
20 2 56
20 3 43
20 4 40
20 5 39
20 6 34
20 7 41
20 8 22
20 9 45
20 10 41
20 11 49
20 12 58
20 13 69
20 14 66
20 15 89
20 16 85
20 17 74
20 18 87
20 19 90
20 20 81
20 21 67
20 22 78
20 23 47
20 24 44
20 25 26
20 26 27
20 27 26
20 28 18
20 29 16
20 30 20
20 31 30
20 32 21
20 33 18
20 34 21
20 35 27
20 36 24
20 37 10
20 38 5
20 39 7
20 40 17
20 41 15
20 42 5
20 43 5
20 44 2
20 45 3
20 46 1
20 47 3
20 48 14
20 49 9
20 50 13
20 51 22
20 52 20
20 53 28
20 54 30
20 55 23
20 56 31
20 57 38
20 58 47
20 59 55
20 60 60
20 61 65
20 62 74
20 63 65

21 0 79
21 1 66
21 2 54
21 3 55
21 4 54
21 5 48
21 6 37
21 7 39
21 8 29
21 9 39
21 10 47
21 11 38
21 12 44
21 13 64
21 14 70
21 15 67
21 16 80
21 17 81
21 18 91
21 19 83
21 20 70
21 21 80
21 22 69
21 23 43
21 24 36
21 25 29
21 26 32
21 27 30
21 28 22
21 29 19
21 30 18
21 31 22
21 32 20
21 33 23
21 34 22
21 35 21
21 36 12
21 37 11
21 38 9
21 39 13
21 40 13
21 41 13
21 42 8
21 43 8
21 44 7
21 45 0
21 46 2
21 47 10
21 48 16
21 49 9
21 50 10
21 51 11
21 52 17
21 53 20
21 54 24
21 55 19
21 56 21
21 57 26
21 58 39
21 59 37
21 60 63
21 61 67
21 62 76
21 63 79

22 0 73
22 1 63
22 2 54
22 3 55
22 4 54
22 5 42
22 6 39
22 7 33
22 8 51
22 9 33
22 10 45
22 11 46
22 12 45
22 13 41
22 14 52
22 15 54
22 16 72
22 17 70
22 18 83
22 19 67
22 20 66
22 21 49
22 22 60
22 23 42
22 24 28
22 25 32
22 26 32
22 27 32
22 28 25
22 29 23
22 30 22
22 31 24
22 32 22
22 33 20
22 34 20
22 35 17
22 36 10
22 37 6
22 38 15
22 39 20
22 40 15
22 41 17
22 42 12
22 43 13
22 44 5
22 45 1
22 46 6
22 47 16
22 48 13
22 49 18
22 50 19
22 51 12
22 52 8
22 53 22
22 54 24
22 55 21
22 56 11
22 57 20
22 58 39
22 59 45
22 60 53
22 61 55
22 62 71
22 63 78

23 0 52
23 1 51
23 2 46
23 3 48
23 4 40
23 5 37
23 6 43
23 7 45
23 8 47
23 9 43
23 10 61
23 11 54
23 12 60
23 13 51
23 14 63
23 15 52
23 16 47
23 17 67
23 18 68
23 19 48
23 20 52
23 21 55
23 22 44
23 23 44
23 24 34
23 25 38
23 26 32
23 27 23
23 28 20
23 29 19
23 30 26
23 31 30
23 32 30
23 33 18
23 34 14
23 35 10
23 36 6
23 37 9
23 38 13
23 39 14
23 40 15
23 41 18
23 42 17
23 43 15
23 44 9
23 45 17
23 46 13
23 47 13
23 48 18
23 49 15
23 50 17
23 51 13
23 52 17
23 53 21
23 54 18
23 55 16
23 56 12
23 57 11
23 58 17
23 59 36
23 60 48
23 61 63
23 62 63
23 63 65

24 0 50
24 1 47
24 2 38
24 3 43
24 4 30
24 5 37
24 6 42
24 7 46
24 8 53
24 9 50
24 10 50
24 11 59
24 12 72
24 13 71
24 14 58
24 15 47
24 16 51
24 17 53
24 18 52
24 19 58
24 20 56
24 21 63
24 22 50
24 23 27
24 24 39
24 25 32
24 26 29
24 27 21
24 28 12
24 29 13
24 30 25
24 31 16
24 32 23
24 33 16
24 34 11
24 35 5
24 36 6
24 37 9
24 38 14
24 39 25
24 40 23
24 41 28
24 42 29
24 43 11
24 44 9
24 45 10
24 46 17
24 47 15
24 48 17
24 49 16
24 50 14
24 51 16
24 52 14
24 53 13
24 54 17
24 55 11
24 56 12
24 57 12
24 58 16
24 59 30
24 60 50
24 61 37
24 62 64
24 63 60

25 0 44
25 1 47
25 2 42
25 3 37
25 4 28
25 5 37
25 6 47
25 7 51
25 8 61
25 9 65
25 10 73
25 11 66
25 12 62
25 13 65
25 14 60
25 15 45
25 16 43
25 17 45
25 18 41
25 19 42
25 20 61
25 21 52
25 22 48
25 23 38
25 24 45
25 25 38
25 26 21
25 27 18
25 28 13
25 29 7
25 30 19
25 31 18
25 32 25
25 33 16
25 34 11
25 35 4
25 36 6
25 37 15
25 38 21
25 39 21
25 40 37
25 41 34
25 42 20
25 43 21
25 44 14
25 45 13
25 46 17
25 47 19
25 48 18
25 49 27
25 50 20
25 51 12
25 52 12
25 53 20
25 54 8
25 55 8
25 56 13
25 57 18
25 58 17
25 59 18
25 60 26
25 61 37
25 62 47
25 63 51

26 0 39
26 1 40
26 2 40
26 3 41
26 4 41
26 5 35
26 6 54
26 7 45
26 8 55
26 9 73
26 10 71
26 11 66
26 12 62
26 13 52
26 14 50
26 15 42
26 16 46
26 17 43
26 18 47
26 19 41
26 20 52
26 21 51
26 22 59
26 23 49
26 24 34
26 25 45
26 26 19
26 27 12
26 28 15
26 29 18
26 30 16
26 31 16
26 32 21
26 33 11
26 34 0
26 35 5
26 36 7
26 37 18
26 38 22
26 39 39
26 40 36
26 41 41
26 42 29
26 43 24
26 44 16
26 45 24
26 46 19
26 47 20
26 48 30
26 49 26
26 50 22
26 51 16
26 52 10
26 53 12
26 54 11
26 55 10
26 56 13
26 57 15
26 58 18
26 59 11
26 60 25
26 61 24
26 62 35
26 63 45

27 0 38
27 1 43
27 2 39
27 3 41
27 4 28
27 5 37
27 6 33
27 7 45
27 8 50
27 9 65
27 10 67
27 11 66
27 12 51
27 13 50
27 14 21
27 15 53
27 16 46
27 17 53
27 18 50
27 19 57
27 20 42
27 21 44
27 22 45
27 23 44
27 24 42
27 25 29
27 26 27
27 27 12
27 28 19
27 29 21
27 30 23
27 31 21
27 32 15
27 33 8
27 34 6
27 35 5
27 36 19
27 37 25
27 38 42
27 39 33
27 40 35
27 41 41
27 42 30
27 43 35
27 44 23
27 45 30
27 46 23
27 47 26
27 48 18
27 49 21
27 50 17
27 51 18
27 52 18
27 53 17
27 54 16
27 55 6
27 56 16
27 57 14
27 58 13
27 59 15
27 60 24
27 61 24
27 62 37
27 63 44

28 0 28
28 1 48
28 2 38
28 3 31
28 4 37
28 5 22
28 6 32
28 7 43
28 8 48
28 9 34
28 10 47
28 11 47
28 12 38
28 13 39
28 14 35
28 15 40
28 16 55
28 17 67
28 18 44
28 19 42
28 20 42
28 21 39
28 22 42
28 23 50
28 24 38
28 25 34
28 26 21
28 27 14
28 28 16
28 29 20
28 30 14
28 31 17
28 32 15
28 33 8
28 34 4
28 35 10
28 36 27
28 37 42
28 38 49
28 39 40
28 40 40
28 41 37
28 42 35
28 43 36
28 44 35
28 45 26
28 46 18
28 47 20
28 48 13
28 49 7
28 50 8
28 51 17
28 52 14
28 53 13
28 54 13
28 55 10
28 56 9
28 57 10
28 58 13
28 59 20
28 60 18
28 61 31
28 62 31
28 63 26

29 0 26
29 1 33
29 2 38
29 3 32
29 4 27
29 5 37
29 6 31
29 7 42
29 8 51
29 9 44
29 10 40
29 11 33
29 12 39
29 13 47
29 14 35
29 15 34
29 16 55
29 17 62
29 18 59
29 19 46
29 20 36
29 21 40
29 22 42
29 23 45
29 24 36
29 25 31
29 26 34
29 27 27
29 28 13
29 29 19
29 30 15
29 31 7
29 32 11
29 33 11
29 34 7
29 35 18
29 36 44
29 37 47
29 38 55
29 39 60
29 40 40
29 41 34
29 42 45
29 43 40
29 44 30
29 45 13
29 46 13
29 47 2
29 48 8
29 49 6
29 50 12
29 51 13
29 52 10
29 53 9
29 54 7
29 55 6
29 56 4
29 57 7
29 58 6
29 59 16
29 60 21
29 61 21
29 62 23
29 63 22

30 0 22
30 1 30
30 2 22
30 3 38
30 4 41
30 5 39
30 6 32
30 7 33
30 8 39
30 9 37
30 10 39
30 11 45
30 12 60
30 13 56
30 14 51
30 15 57
30 16 53
30 17 59
30 18 65
30 19 59
30 20 39
30 21 37
30 22 50
30 23 37
30 24 28
30 25 30
30 26 27
30 27 21
30 28 18
30 29 9
30 30 6
30 31 6
30 32 9
30 33 10
30 34 17
30 35 28
30 36 36
30 37 52
30 38 64
30 39 50
30 40 52
30 41 43
30 42 33
30 43 30
30 44 23
30 45 16
30 46 7
30 47 13
30 48 16
30 49 18
30 50 15
30 51 14
30 52 9
30 53 7
30 54 3
30 55 6
30 56 2
30 57 8
30 58 8
30 59 12
30 60 11
30 61 14
30 62 20
30 63 19

31 0 30
31 1 15
31 2 24
31 3 24
31 4 38
31 5 22
31 6 25
31 7 32
31 8 32
31 9 38
31 10 52
31 11 55
31 12 40
31 13 59
31 14 77
31 15 77
31 16 59
31 17 58
31 18 58
31 19 57
31 20 55
31 21 57
31 22 49
31 23 38
31 24 37
31 25 26
31 26 15
31 27 20
31 28 16
31 29 15
31 30 4
31 31 5
31 32 11
31 33 12
31 34 31
31 35 33
31 36 34
31 37 53
31 38 46
31 39 61
31 40 55
31 41 41
31 42 45
31 43 37
31 44 29
31 45 12
31 46 4
31 47 16
31 48 23
31 49 25
31 50 20
31 51 15
31 52 10
31 53 6
31 54 4
31 55 3
31 56 7
31 57 3
31 58 6
31 59 12
31 60 12
31 61 14
31 62 16
31 63 12

32 0 26
32 1 26
32 2 19
32 3 15
32 4 23
32 5 23
32 6 26
32 7 39
32 8 34
32 9 47
32 10 49
32 11 52
32 12 57
32 13 53
32 14 79
32 15 76
32 16 85
32 17 67
32 18 71
32 19 67
32 20 67
32 21 67
32 22 62
32 23 57
32 24 44
32 25 25
32 26 32
32 27 25
32 28 16
32 29 12
32 30 5
32 31 7
32 32 13
32 33 17
32 34 25
32 35 31
32 36 48
32 37 45
32 38 53
32 39 63
32 40 57
32 41 48
32 42 47
32 43 34
32 44 25
32 45 11
32 46 6
32 47 14
32 48 22
32 49 27
32 50 16
32 51 11
32 52 14
32 53 11
32 54 9
32 55 4
32 56 4
32 57 2
32 58 3
32 59 10
32 60 15
32 61 16
32 62 14
32 63 19

33 0 20
33 1 23
33 2 15
33 3 17
33 4 21
33 5 28
33 6 35
33 7 38
33 8 38
33 9 49
33 10 60
33 11 57
33 12 58
33 13 62
33 14 72
33 15 77
33 16 83
33 17 71
33 18 89
33 19 77
33 20 65
33 21 64
33 22 56
33 23 61
33 24 47
33 25 47
33 26 37
33 27 43
33 28 37
33 29 27
33 30 19
33 31 19
33 32 19
33 33 35
33 34 35
33 35 36
33 36 45
33 37 66
33 38 58
33 39 60
33 40 52
33 41 48
33 42 48
33 43 41
33 44 29
33 45 16
33 46 12
33 47 14
33 48 15
33 49 16
33 50 16
33 51 13
33 52 14
33 53 18
33 54 18
33 55 7
33 56 2
33 57 2
33 58 1
33 59 4
33 60 8
33 61 15
33 62 13
33 63 21

34 0 27
34 1 17
34 2 15
34 3 17
34 4 25
34 5 37
34 6 37
34 7 51
34 8 57
34 9 52
34 10 61
34 11 58
34 12 60
34 13 65
34 14 76
34 15 67
34 16 72
34 17 97
34 18 95
34 19 90
34 20 82
34 21 62
34 22 65
34 23 59
34 24 74
34 25 55
34 26 61
34 27 54
34 28 52
34 29 53
34 30 29
34 31 24
34 32 43
34 33 33
34 34 28
34 35 34
34 36 48
34 37 50
34 38 65
34 39 59
34 40 62
34 41 60
34 42 48
34 43 37
34 44 29
34 45 19
34 46 16
34 47 18
34 48 18
34 49 15
34 50 16
34 51 25
34 52 12
34 53 18
34 54 13
34 55 8
34 56 2
34 57 1
34 58 1
34 59 0
34 60 11
34 61 9
34 62 25
34 63 22

35 0 37
35 1 23
35 2 18
35 3 14
35 4 27
35 5 44
35 6 39
35 7 60
35 8 57
35 9 68
35 10 67
35 11 65
35 12 79
35 13 71
35 14 76
35 15 91
35 16 88
35 17 92
35 18 86
35 19 77
35 20 75
35 21 60
35 22 60
35 23 65
35 24 73
35 25 71
35 26 47
35 27 61
35 28 57
35 29 48
35 30 34
35 31 43
35 32 48
35 33 35
35 34 39
35 35 48
35 36 43
35 37 48
35 38 61
35 39 63
35 40 54
35 41 50
35 42 45
35 43 44
35 44 26
35 45 21
35 46 11
35 47 19
35 48 11
35 49 19
35 50 11
35 51 12
35 52 19
35 53 17
35 54 13
35 55 9
35 56 3
35 57 0
35 58 1
35 59 5
35 60 11
35 61 18
35 62 26
35 63 27

36 0 44
36 1 29
36 2 25
36 3 17
36 4 28
36 5 35
36 6 44
36 7 41
36 8 64
36 9 76
36 10 58
36 11 69
36 12 59
36 13 81
36 14 76
36 15 85
36 16 91
36 17 94
36 18 89
36 19 73
36 20 65
36 21 76
36 22 72
36 23 72
36 24 78
36 25 67
36 26 63
36 27 61
36 28 44
36 29 46
36 30 29
36 31 39
36 32 50
36 33 58
36 34 62
36 35 71
36 36 80
36 37 49
36 38 51
36 39 67
36 40 74
36 41 59
36 42 42
36 43 44
36 44 42
36 45 23
36 46 19
36 47 21
36 48 20
36 49 17
36 50 13
36 51 17
36 52 8
36 53 17
36 54 10
36 55 5
36 56 3
36 57 0
36 58 1
36 59 8
36 60 13
36 61 18
36 62 43
36 63 47

37 0 53
37 1 52
37 2 30
37 3 22
37 4 35
37 5 47
37 6 50
37 7 51
37 8 65
37 9 69
37 10 76
37 11 58
37 12 69
37 13 70
37 14 70
37 15 76
37 16 93
37 17 101
37 18 77
37 19 71
37 20 73
37 21 68
37 22 70
37 23 72
37 24 59
37 25 75
37 26 70
37 27 77
37 28 50
37 29 37
37 30 26
37 31 36
37 32 45
37 33 58
37 34 56
37 35 66
37 36 64
37 37 62
37 38 68
37 39 78
37 40 60
37 41 58
37 42 37
37 43 29
37 44 33
37 45 21
37 46 24
37 47 31
37 48 25
37 49 19
37 50 25
37 51 15
37 52 9
37 53 10
37 54 6
37 55 4
37 56 3
37 57 1
37 58 10
37 59 15
37 60 19
37 61 32
37 62 40
37 63 52

38 0 43
38 1 44
38 2 36
38 3 35
38 4 30
38 5 43
38 6 43
38 7 62
38 8 74
38 9 84
38 10 76
38 11 62
38 12 70
38 13 75
38 14 84
38 15 93
38 16 93
38 17 84
38 18 85
38 19 66
38 20 67
38 21 79
38 22 76
38 23 75
38 24 65
38 25 66
38 26 74
38 27 58
38 28 33
38 29 36
38 30 29
38 31 29
38 32 37
38 33 47
38 34 44
38 35 55
38 36 57
38 37 76
38 38 81
38 39 74
38 40 60
38 41 59
38 42 36
38 43 40
38 44 26
38 45 36
38 46 27
38 47 25
38 48 26
38 49 23
38 50 20
38 51 10
38 52 17
38 53 19
38 54 5
38 55 1
38 56 7
38 57 10
38 58 19
38 59 19
38 60 24
38 61 30
38 62 28
38 63 52

39 0 35
39 1 41
39 2 34
39 3 30
39 4 42
39 5 49
39 6 51
39 7 53
39 8 65
39 9 75
39 10 60
39 11 51
39 12 57
39 13 71
39 14 75
39 15 84
39 16 92
39 17 97
39 18 74
39 19 78
39 20 73
39 21 68
39 22 72
39 23 73
39 24 75
39 25 84
39 26 77
39 27 57
39 28 39
39 29 28
39 30 20
39 31 31
39 32 35
39 33 51
39 34 59
39 35 60
39 36 74
39 37 90
39 38 84
39 39 77
39 40 68
39 41 56
39 42 47
39 43 48
39 44 45
39 45 38
39 46 28
39 47 37
39 48 45
39 49 28
39 50 23
39 51 21
39 52 17
39 53 15
39 54 11
39 55 6
39 56 6
39 57 8
39 58 20
39 59 19
39 60 31
39 61 37
39 62 34
39 63 38

40 0 37
40 1 45
40 2 38
40 3 59
40 4 57
40 5 44
40 6 49
40 7 43
40 8 53
40 9 47
40 10 46
40 11 48
40 12 63
40 13 58
40 14 68
40 15 88
40 16 94
40 17 82
40 18 87
40 19 83
40 20 67
40 21 80
40 22 89
40 23 71
40 24 81
40 25 73
40 26 67
40 27 58
40 28 34
40 29 22
40 30 10
40 31 30
40 32 40
40 33 49
40 34 58
40 35 64
40 36 86
40 37 86
40 38 102
40 39 74
40 40 68
40 41 59
40 42 42
40 43 35
40 44 44
40 45 48
40 46 31
40 47 41
40 48 38
40 49 23
40 50 26
40 51 17
40 52 20
40 53 13
40 54 9
40 55 0
40 56 4
40 57 13
40 58 17
40 59 19
40 60 32
40 61 33
40 62 48
40 63 41

41 0 41
41 1 44
41 2 47
41 3 63
41 4 53
41 5 53
41 6 63
41 7 59
41 8 41
41 9 37
41 10 36
41 11 43
41 12 46
41 13 64
41 14 67
41 15 72
41 16 93
41 17 76
41 18 68
41 19 61
41 20 65
41 21 71
41 22 63
41 23 82
41 24 78
41 25 73
41 26 57
41 27 55
41 28 35
41 29 24
41 30 28
41 31 37
41 32 42
41 33 47
41 34 51
41 35 72
41 36 85
41 37 87
41 38 82
41 39 78
41 40 72
41 41 58
41 42 48
41 43 46
41 44 49
41 45 48
41 46 32
41 47 42
41 48 30
41 49 38
41 50 25
41 51 21
41 52 15
41 53 9
41 54 5
41 55 5
41 56 2
41 57 6
41 58 18
41 59 23
41 60 29
41 61 41
41 62 47
41 63 52

42 0 38
42 1 39
42 2 59
42 3 52
42 4 52
42 5 50
42 6 61
42 7 46
42 8 42
42 9 24
42 10 29
42 11 31
42 12 26
42 13 42
42 14 49
42 15 75
42 16 90
42 17 81
42 18 69
42 19 77
42 20 69
42 21 61
42 22 84
42 23 72
42 24 77
42 25 79
42 26 57
42 27 65
42 28 42
42 29 38
42 30 47
42 31 50
42 32 56
42 33 60
42 34 52
42 35 53
42 36 67
42 37 69
42 38 78
42 39 69
42 40 66
42 41 59
42 42 57
42 43 45
42 44 39
42 45 37
42 46 42
42 47 30
42 48 28
42 49 21
42 50 25
42 51 9
42 52 11
42 53 7
42 54 5
42 55 7
42 56 0
42 57 0
42 58 6
42 59 15
42 60 21
42 61 40
42 62 49
42 63 41

43 0 44
43 1 46
43 2 47
43 3 47
43 4 57
43 5 63
43 6 73
43 7 68
43 8 42
43 9 26
43 10 18
43 11 14
43 12 27
43 13 31
43 14 64
43 15 80
43 16 92
43 17 89
43 18 87
43 19 81
43 20 73
43 21 71
43 22 70
43 23 87
43 24 80
43 25 75
43 26 63
43 27 66
43 28 51
43 29 44
43 30 49
43 31 56
43 32 74
43 33 71
43 34 56
43 35 54
43 36 51
43 37 67
43 38 58
43 39 61
43 40 63
43 41 60
43 42 40
43 43 38
43 44 36
43 45 34
43 46 42
43 47 28
43 48 22
43 49 21
43 50 24
43 51 12
43 52 15
43 53 11
43 54 10
43 55 8
43 56 4
43 57 0
43 58 4
43 59 16
43 60 26
43 61 24
43 62 45
43 63 43

44 0 49
44 1 41
44 2 45
44 3 55
44 4 54
44 5 74
44 6 64
44 7 52
44 8 45
44 9 43
44 10 39
44 11 23
44 12 19
44 13 40
44 14 48
44 15 72
44 16 84
44 17 109
44 18 94
44 19 93
44 20 88
44 21 81
44 22 73
44 23 75
44 24 83
44 25 75
44 26 72
44 27 70
44 28 57
44 29 45
44 30 42
44 31 67
44 32 61
44 33 57
44 34 59
44 35 52
44 36 36
44 37 39
44 38 40
44 39 48
44 40 44
44 41 44
44 42 41
44 43 45
44 44 35
44 45 42
44 46 32
44 47 21
44 48 28
44 49 34
44 50 16
44 51 9
44 52 18
44 53 13
44 54 14
44 55 8
44 56 6
44 57 12
44 58 11
44 59 16
44 60 21
44 61 25
44 62 36
44 63 40

45 0 26
45 1 34
45 2 45
45 3 52
45 4 63
45 5 67
45 6 64
45 7 49
45 8 42
45 9 40
45 10 35
45 11 21
45 12 33
45 13 51
45 14 57
45 15 69
45 16 74
45 17 100
45 18 107
45 19 111
45 20 97
45 21 91
45 22 73
45 23 75
45 24 70
45 25 67
45 26 62
45 27 72
45 28 68
45 29 47
45 30 50
45 31 51
45 32 55
45 33 55
45 34 56
45 35 45
45 36 41
45 37 55
45 38 38
45 39 36
45 40 49
45 41 39
45 42 51
45 43 43
45 44 37
45 45 36
45 46 29
45 47 24
45 48 26
45 49 26
45 50 25
45 51 25
45 52 23
45 53 18
45 54 11
45 55 3
45 56 9
45 57 13
45 58 14
45 59 20
45 60 30
45 61 28
45 62 24
45 63 37

46 0 32
46 1 33
46 2 47
46 3 50
46 4 57
46 5 60
46 6 42
46 7 45
46 8 45
46 9 41
46 10 20
46 11 28
46 12 40
46 13 45
46 14 57
46 15 57
46 16 63
46 17 80
46 18 95
46 19 105
46 20 111
46 21 98
46 22 94
46 23 81
46 24 73
46 25 76
46 26 67
46 27 75
46 28 82
46 29 75
46 30 40
46 31 46
46 32 51
46 33 44
46 34 56
46 35 46
46 36 34
46 37 41
46 38 33
46 39 49
46 40 42
46 41 57
46 42 46
46 43 43
46 44 31
46 45 31
46 46 27
46 47 26
46 48 29
46 49 33
46 50 23
46 51 21
46 52 20
46 53 12
46 54 6
46 55 4
46 56 11
46 57 19
46 58 17
46 59 17
46 60 18
46 61 21
46 62 26
46 63 29

47 0 44
47 1 41
47 2 44
47 3 52
47 4 56
47 5 47
47 6 41
47 7 44
47 8 37
47 9 24
47 10 32
47 11 31
47 12 33
47 13 45
47 14 53
47 15 61
47 16 72
47 17 67
47 18 87
47 19 96
47 20 97
47 21 99
47 22 93
47 23 72
47 24 62
47 25 65
47 26 68
47 27 65
47 28 88
47 29 78
47 30 70
47 31 55
47 32 50
47 33 48
47 34 34
47 35 46
47 36 43
47 37 40
47 38 46
47 39 49
47 40 49
47 41 60
47 42 56
47 43 49
47 44 45
47 45 43
47 46 38
47 47 33
47 48 33
47 49 37
47 50 25
47 51 24
47 52 30
47 53 19
47 54 8
47 55 9
47 56 15
47 57 16
47 58 17
47 59 21
47 60 20
47 61 20
47 62 30
47 63 37

48 0 40
48 1 50
48 2 42
48 3 47
48 4 50
48 5 42
48 6 36
48 7 34
48 8 36
48 9 35
48 10 31
48 11 30
48 12 43
48 13 51
48 14 71
48 15 64
48 16 69
48 17 60
48 18 71
48 19 74
48 20 74
48 21 88
48 22 66
48 23 54
48 24 45
48 25 59
48 26 68
48 27 71
48 28 95
48 29 83
48 30 78
48 31 49
48 32 35
48 33 36
48 34 42
48 35 53
48 36 44
48 37 47
48 38 42
48 39 51
48 40 48
48 41 60
48 42 66
48 43 48
48 44 45
48 45 41
48 46 51
48 47 41
48 48 39
48 49 38
48 50 31
48 51 34
48 52 34
48 53 25
48 54 13
48 55 17
48 56 21
48 57 22
48 58 22
48 59 11
48 60 22
48 61 22
48 62 29
48 63 32

49 0 31
49 1 32
49 2 37
49 3 56
49 4 40
49 5 48
49 6 52
49 7 52
49 8 39
49 9 34
49 10 38
49 11 40
49 12 49
49 13 57
49 14 79
49 15 84
49 16 74
49 17 64
49 18 55
49 19 62
49 20 66
49 21 69
49 22 73
49 23 61
49 24 55
49 25 71
49 26 75
49 27 74
49 28 91
49 29 94
49 30 71
49 31 59
49 32 29
49 33 35
49 34 40
49 35 47
49 36 46
49 37 43
49 38 42
49 39 46
49 40 61
49 41 50
49 42 63
49 43 50
49 44 42
49 45 31
49 46 43
49 47 39
49 48 30
49 49 39
49 50 54
49 51 56
49 52 42
49 53 36
49 54 28
49 55 31
49 56 30
49 57 26
49 58 31
49 59 19
49 60 17
49 61 14
49 62 24
49 63 33

50 0 25
50 1 26
50 2 38
50 3 54
50 4 52
50 5 56
50 6 55
50 7 59
50 8 56
50 9 48
50 10 63
50 11 53
50 12 55
50 13 70
50 14 76
50 15 72
50 16 66
50 17 49
50 18 47
50 19 44
50 20 50
50 21 69
50 22 68
50 23 67
50 24 71
50 25 79
50 26 70
50 27 75
50 28 88
50 29 82
50 30 74
50 31 61
50 32 37
50 33 34
50 34 31
50 35 37
50 36 39
50 37 32
50 38 40
50 39 47
50 40 47
50 41 52
50 42 55
50 43 38
50 44 45
50 45 52
50 46 54
50 47 44
50 48 46
50 49 48
50 50 59
50 51 56
50 52 57
50 53 52
50 54 50
50 55 43
50 56 48
50 57 45
50 58 25
50 59 29
50 60 13
50 61 17
50 62 26
50 63 26

51 0 35
51 1 42
51 2 43
51 3 47
51 4 52
51 5 75
51 6 72
51 7 74
51 8 62
51 9 77
51 10 67
51 11 52
51 12 73
51 13 67
51 14 78
51 15 72
51 16 47
51 17 54
51 18 50
51 19 51
51 20 65
51 21 69
51 22 74
51 23 84
51 24 75
51 25 65
51 26 82
51 27 86
51 28 79
51 29 73
51 30 60
51 31 52
51 32 36
51 33 38
51 34 31
51 35 35
51 36 26
51 37 27
51 38 19
51 39 36
51 40 47
51 41 51
51 42 50
51 43 53
51 44 49
51 45 60
51 46 74
51 47 68
51 48 50
51 49 60
51 50 67
51 51 63
51 52 51
51 53 44
51 54 53
51 55 57
51 56 57
51 57 50
51 58 42
51 59 24
51 60 29
51 61 30
51 62 36
51 63 39

52 0 40
52 1 33
52 2 48
52 3 60
52 4 60
52 5 83
52 6 72
52 7 79
52 8 85
52 9 66
52 10 75
52 11 70
52 12 46
52 13 62
52 14 72
52 15 54
52 16 47
52 17 53
52 18 51
52 19 58
52 20 71
52 21 60
52 22 82
52 23 82
52 24 78
52 25 80
52 26 73
52 27 80
52 28 67
52 29 66
52 30 50
52 31 44
52 32 36
52 33 46
52 34 38
52 35 34
52 36 38
52 37 31
52 38 35
52 39 37
52 40 40
52 41 46
52 42 53
52 43 61
52 44 65
52 45 79
52 46 69
52 47 65
52 48 59
52 49 64
52 50 67
52 51 66
52 52 68
52 53 57
52 54 51
52 55 62
52 56 68
52 57 52
52 58 42
52 59 43
52 60 33
52 61 39
52 62 44
52 63 54

53 0 42
53 1 40
53 2 49
53 3 62
53 4 57
53 5 77
53 6 78
53 7 71
53 8 73
53 9 83
53 10 95
53 11 82
53 12 68
53 13 60
53 14 61
53 15 49
53 16 43
53 17 42
53 18 61
53 19 69
53 20 68
53 21 69
53 22 71
53 23 73
53 24 77
53 25 71
53 26 77
53 27 81
53 28 60
53 29 59
53 30 51
53 31 41
53 32 37
53 33 36
53 34 31
53 35 39
53 36 41
53 37 47
53 38 52
53 39 40
53 40 42
53 41 60
53 42 62
53 43 66
53 44 70
53 45 65
53 46 74
53 47 66
53 48 75
53 49 84
53 50 85
53 51 57
53 52 57
53 53 59
53 54 48
53 55 46
53 56 58
53 57 49
53 58 41
53 59 43
53 60 30
53 61 37
53 62 45
53 63 45

54 0 43
54 1 46
54 2 49
54 3 62
54 4 58
54 5 71
54 6 74
54 7 76
54 8 86
54 9 86
54 10 96
54 11 81
54 12 66
54 13 62
54 14 54
54 15 51
54 16 42
54 17 41
54 18 57
54 19 65
54 20 57
54 21 55
54 22 66
54 23 68
54 24 70
54 25 64
54 26 54
54 27 78
54 28 80
54 29 59
54 30 49
54 31 34
54 32 33
54 33 32
54 34 30
54 35 33
54 36 44
54 37 52
54 38 51
54 39 55
54 40 61
54 41 58
54 42 70
54 43 84
54 44 79
54 45 80
54 46 79
54 47 72
54 48 80
54 49 75
54 50 76
54 51 63
54 52 52
54 53 39
54 54 47
54 55 54
54 56 41
54 57 32
54 58 29
54 59 36
54 60 30
54 61 37
54 62 34
54 63 34

55 0 42
55 1 41
55 2 53
55 3 56
55 4 56
55 5 81
55 6 76
55 7 89
55 8 89
55 9 101
55 10 109
55 11 93
55 12 62
55 13 68
55 14 53
55 15 54
55 16 54
55 17 46
55 18 52
55 19 56
55 20 56
55 21 67
55 22 73
55 23 66
55 24 54
55 25 58
55 26 48
55 27 68
55 28 76
55 29 69
55 30 52
55 31 45
55 32 40
55 33 33
55 34 30
55 35 27
55 36 39
55 37 47
55 38 47
55 39 53
55 40 56
55 41 71
55 42 77
55 43 80
55 44 80
55 45 84
55 46 74
55 47 86
55 48 71
55 49 71
55 50 70
55 51 62
55 52 45
55 53 35
55 54 34
55 55 47
55 56 38
55 57 22
55 58 17
55 59 25
55 60 25
55 61 34
55 62 27
55 63 37

56 0 37
56 1 49
56 2 54
56 3 60
56 4 67
56 5 71
56 6 81
56 7 84
56 8 90
56 9 100
56 10 84
56 11 87
56 12 77
56 13 60
56 14 55
56 15 52
56 16 53
56 17 45
56 18 75
56 19 50
56 20 67
56 21 65
56 22 59
56 23 64
56 24 77
56 25 79
56 26 54
56 27 75
56 28 76
56 29 60
56 30 66
56 31 56
56 32 46
56 33 39
56 34 35
56 35 36
56 36 40
56 37 46
56 38 54
56 39 51
56 40 66
56 41 68
56 42 87
56 43 87
56 44 98
56 45 84
56 46 84
56 47 71
56 48 77
56 49 71
56 50 65
56 51 49
56 52 59
56 53 50
56 54 40
56 55 36
56 56 27
56 57 19
56 58 9
56 59 13
56 60 26
56 61 27
56 62 31
56 63 39

57 0 42
57 1 49
57 2 62
57 3 77
57 4 59
57 5 64
57 6 70
57 7 81
57 8 87
57 9 102
57 10 85
57 11 88
57 12 91
57 13 70
57 14 55
57 15 49
57 16 48
57 17 50
57 18 46
57 19 57
57 20 59
57 21 58
57 22 66
57 23 60
57 24 76
57 25 86
57 26 78
57 27 80
57 28 57
57 29 56
57 30 49
57 31 50
57 32 48
57 33 44
57 34 30
57 35 35
57 36 38
57 37 52
57 38 47
57 39 50
57 40 55
57 41 70
57 42 85
57 43 93
57 44 97
57 45 91
57 46 88
57 47 68
57 48 65
57 49 67
57 50 60
57 51 70
57 52 60
57 53 57
57 54 48
57 55 25
57 56 21
57 57 19
57 58 16
57 59 16
57 60 25
57 61 24
57 62 37
57 63 33

58 0 42
58 1 46
58 2 55
58 3 76
58 4 48
58 5 63
58 6 57
58 7 74
58 8 78
58 9 98
58 10 81
58 11 96
58 12 85
58 13 65
58 14 46
58 15 56
58 16 46
58 17 53
58 18 53
58 19 37
58 20 51
58 21 55
58 22 62
58 23 68
58 24 93
58 25 100
58 26 80
58 27 69
58 28 70
58 29 59
58 30 50
58 31 49
58 32 37
58 33 39
58 34 31
58 35 26
58 36 41
58 37 40
58 38 54
58 39 47
58 40 36
58 41 71
58 42 72
58 43 91
58 44 105
58 45 92
58 46 82
58 47 61
58 48 68
58 49 59
58 50 60
58 51 54
58 52 67
58 53 62
58 54 44
58 55 29
58 56 31
58 57 29
58 58 26
58 59 13
58 60 24
58 61 34
58 62 39
58 63 36

59 0 45
59 1 44
59 2 56
59 3 56
59 4 51
59 5 63
59 6 60
59 7 69
59 8 79
59 9 97
59 10 86
59 11 85
59 12 67
59 13 67
59 14 52
59 15 43
59 16 48
59 17 44
59 18 42
59 19 42
59 20 38
59 21 41
59 22 56
59 23 79
59 24 83
59 25 99
59 26 78
59 27 69
59 28 64
59 29 56
59 30 49
59 31 58
59 32 44
59 33 31
59 34 32
59 35 37
59 36 43
59 37 38
59 38 28
59 39 31
59 40 42
59 41 46
59 42 77
59 43 87
59 44 84
59 45 73
59 46 68
59 47 53
59 48 61
59 49 64
59 50 56
59 51 58
59 52 52
59 53 55
59 54 50
59 55 27
59 56 33
59 57 32
59 58 26
59 59 22
59 60 15
59 61 19
59 62 28
59 63 24

60 0 45
60 1 47
60 2 51
60 3 58
60 4 67
60 5 52
60 6 67
60 7 67
60 8 75
60 9 93
60 10 83
60 11 64
60 12 69
60 13 59
60 14 54
60 15 60
60 16 43
60 17 39
60 18 28
60 19 41
60 20 29
60 21 43
60 22 59
60 23 66
60 24 77
60 25 82
60 26 77
60 27 83
60 28 87
60 29 70
60 30 63
60 31 41
60 32 37
60 33 35
60 34 43
60 35 44
60 36 40
60 37 34
60 38 31
60 39 21
60 40 35
60 41 51
60 42 67
60 43 91
60 44 56
60 45 62
60 46 51
60 47 48
60 48 62
60 49 60
60 50 42
60 51 60
60 52 48
60 53 39
60 54 46
60 55 29
60 56 33
60 57 22
60 58 19
60 59 22
60 60 18
60 61 13
60 62 22
60 63 29

61 0 35
61 1 57
61 2 50
61 3 55
61 4 57
61 5 63
61 6 51
61 7 63
61 8 81
61 9 79
61 10 65
61 11 65
61 12 63
61 13 55
61 14 70
61 15 43
61 16 34
61 17 36
61 18 41
61 19 29
61 20 40
61 21 37
61 22 50
61 23 66
61 24 71
61 25 60
61 26 81
61 27 73
61 28 83
61 29 68
61 30 61
61 31 50
61 32 37
61 33 40
61 34 42
61 35 42
61 36 47
61 37 32
61 38 25
61 39 24
61 40 30
61 41 39
61 42 50
61 43 58
61 44 49
61 45 55
61 46 69
61 47 51
61 48 57
61 49 53
61 50 52
61 51 55
61 52 54
61 53 46
61 54 43
61 55 36
61 56 26
61 57 22
61 58 25
61 59 28
61 60 26
61 61 32
61 62 18
61 63 21

62 0 33
62 1 35
62 2 35
62 3 52
62 4 49
62 5 55
62 6 52
62 7 57
62 8 69
62 9 55
62 10 54
62 11 54
62 12 55
62 13 72
62 14 56
62 15 49
62 16 52
62 17 47
62 18 37
62 19 27
62 20 28
62 21 37
62 22 49
62 23 44
62 24 59
62 25 55
62 26 75
62 27 80
62 28 55
62 29 54
62 30 49
62 31 44
62 32 40
62 33 54
62 34 33
62 35 42
62 36 35
62 37 39
62 38 39
62 39 33
62 40 35
62 41 33
62 42 45
62 43 46
62 44 39
62 45 45
62 46 54
62 47 57
62 48 47
62 49 47
62 50 62
62 51 65
62 52 53
62 53 53
62 54 43
62 55 28
62 56 28
62 57 25
62 58 28
62 59 30
62 60 32
62 61 21
62 62 20
62 63 13

63 0 12
63 1 25
63 2 27
63 3 24
63 4 42
63 5 50
63 6 48
63 7 53
63 8 66
63 9 67
63 10 52
63 11 57
63 12 53
63 13 52
63 14 42
63 15 42
63 16 41
63 17 48
63 18 55
63 19 36
63 20 33
63 21 25
63 22 34
63 23 37
63 24 29
63 25 46
63 26 68
63 27 60
63 28 55
63 29 56
63 30 45
63 31 49
63 32 40
63 33 33
63 34 37
63 35 41
63 36 42
63 37 48
63 38 39
63 39 33
63 40 28
63 41 39
63 42 37
63 43 41
63 44 40
63 45 44
63 46 58
63 47 55
63 48 62
63 49 58
63 50 53
63 51 53
63 52 52
63 53 55
63 54 44
63 55 37
63 56 32
63 57 26
63 58 23
63 59 25
63 60 26
63 61 15
63 62 15
63 63 25

