# 32740 32612	0	0	0
48 23	48	48	48
206 48	158	110	62
449 206	243	85	-25
714 449	265	22	-63
979 714	265	0	-22
1230 971	251	-14	-14
1485 1222	255	4	18
1714 1441	229	-26	-30
1979 1686	265	36	62
2225 1923	246	-19	-55
2482 2159	257	11	30
2716 2386	234	-23	-34
2970 2605	254	20	43
3232 2830	262	8	-12
3434 3020	202	-60	-68
3653 3228	219	17	77
3827 3344	174	-45	-62
4009 3468	182	8	53
4326 3624	317	135	127
4622 3809	296	-21	-156
4991 4082	369	73	94
5291 4349	300	-69	-142
5557 4540	266	-34	35
5870 4682	313	47	81
6307 4991	437	124	77
6593 5313	286	-151	-275
7004 5542	411	125	276
7497 5849	493	82	-43
7875 6162	378	-115	-197
8211 6427	336	-42	73
8649 6775	438	102	144
9084 7134	435	-3	-105
9589 7469	505	70	73
9907 7789	318	-187	-257
10285 8159	378	60	247
10604 8309	319	-59	-119
11054 8695	450	131	190
11322 9042	268	-182	-313
11773 9260	451	183	365
12284 9615	511	60	-123
12617 10144	333	-178	-238
12788 10374	171	-162	16
13303 10540	515	344	506
13582 10981	279	-236	-580
13808 11266	226	-53	183
14265 11392	457	231	284
14564 11855	299	-158	-389
14625 12108	61	-238	-80
15081 12164	456	395	633
15244 12564	163	-293	-688
15298 12767	54	-109	184
15686 12743	388	334	443
15844 13180	158	-230	-564
15705 13284	-139	-297	-67
16176 13197	471	610	907
16273 13606	97	-374	-984
16164 13753	-109	-206	168
16507 13588	343	452	658
16692 13973	185	-158	-610
16557 14116	-135	-320	-162
16925 14016	368	503	823
16991 14328	66	-302	-805
16893 14446	-98	-164	138
17165 14304	272	370	534
17364 14612	199	-73	-443
17177 14771	-187	-386	-313
17354 14625	177	364	750
17474 14758	120	-57	-421
17387 14922	-87	-207	-150
17539 14791	152	239	446
17767 14987	228	76	-163
17553 15171	-214	-442	-518
17774 15001	221	435	877
17912 15178	138	-83	-518
17640 15360	-272	-410	-327
17794 15044	154	426	836
18047 15242	253	99	-327
17739 15451	-308	-561	-660
18004 15187	265	573	1134
18191 15408	187	-78	-651
17900 15639	-291	-478	-400
18051 15304	151	442	920
18288 15499	237	86	-356
17963 15692	-325	-562	-648
18212 15411	249	574	1136
18356 15616	144	-105	-679
18076 15804	-280	-424	-319
18299 15480	223	503	927
18507 15747	208	-15	-518
18063 15911	-444	-652	-637
18324 15511	261	705	1357
18521 15728	197	-64	-769
18147 15969	-374	-571	-507
18355 15551	208	582	1153
18677 15803	322	114	-468
18205 16081	-472	-794	-908
18329 15653	124	596	1390
18560 15733	231	107	-489
18295 16008	-265	-496	-603
18378 15699	83	348	844
18613 15826	235	152	-196
18198 16017	-415	-650	-802
18300 15646	102	517	1167
18608 15704	308	206	-311
18262 16056	-346	-654	-860
18176 15666	-86	260	914
18605 15624	429	515	255
18286 16009	-319	-748	-1263
18294 15734	8	327	1075
18624 15698	330	322	-5
18302 16072	-322	-652	-974
18219 15706	-83	239	891
18684 15667	465	548	309
18313 16088	-371	-836	-1384
18152 15761	-161	210	1046
18573 15556	421	582	372
18506 16021	-67	-488	-1070
18253 15910	-253	-186	302
18568 15701	315	568	754
18543 15972	-25	-340	-908
18349 15991	-194	-169	171
18474 15753	125	319	488
18647 15922	173	48	-271
18391 16051	-256	-429	-477
18460 15839	69	325	754
18648 15864	188	119	-206
18462 16096	-186	-374	-493
18382 15866	-80	106	480
18726 15830	344	424	318
18447 16130	-279	-623	-1047
18334 15895	-113	166	789
18731 15738	397	510	344
18555 16179	-176	-573	-1083
18275 15959	-280	-104	469
18716 15723	441	721	825
18582 16120	-134	-575	-1296
18387 16030	-195	-61	514
18606 15791	219	414	475
18569 16054	-37	-256	-670
18391 15973	-178	-141	115
18607 15839	216	394	535
18519 16011	-88	-304	-698
18449 15967	-70	18	322
18585 15853	136	206	188
18547 16033	-38	-174	-380
18328 15951	-219	-181	-7
18512 15776	184	403	584
18519 15916	7	-177	-580
18348 15967	-171	-178	-1
18344 15752	-4	167	345
18490 15792	146	150	-17
18309 15894	-181	-327	-477
18275 15757	-34	147	474
18443 15679	168	202	55
18344 15891	-99	-267	-469
18160 15748	-184	-85	182
18581 15608	421	605	690
18354 15985	-227	-648	-1253
17992 15802	-362	-135	513
18528 15396	536	898	1033
18535 15976	7	-529	-1427
17926 15939	-609	-616	-87
18463 15374	537	1146	1762
18583 15867	120	-417	-1563
18014 16031	-569	-689	-272
18313 15418	299	868	1557
18514 15761	201	-98	-966
17973 15918	-541	-742	-644
18383 15421	410	951	1693
18493 15787	110	-300	-1251
17910 15941	-583	-693	-393
18285 15314	375	958	1651
18664 15733	379	4	-954
17963 16068	-701	-1080	-1084
18120 15411	157	858	1938
18557 15524	437	280	-578
18196 16005	-361	-798	-1078
18033 15600	-163	198	996
18393 15481	360	523	325
18200 15797	-193	-553	-1076
18118 15648	-82	111	664
18369 15522	251	333	222
18256 15817	-113	-364	-697
18029 15660	-227	-114	250
18272 15477	243	470	584
18136 15676	-136	-379	-849
18202 15584	66	202	581
18383 15606	181	115	-87
18077 15831	-306	-487	-602
18063 15481	-14	292	779
18479 15511	416	430	138
18107 15883	-372	-788	-1218
18076 15555	-31	341	1129
18556 15480	480	511	170
18273 16004	-283	-763	-1274
18014 15677	-259	24	787
18564 15462	550	809	785
18437 15968	-127	-677	-1486
18104 15885	-333	-206	471
18308 15508	204	537	743
18504 15756	196	-8	-545
18173 15908	-331	-527	-519
18185 15621	12	343	870
18431 15589	246	234	-109
18246 15879	-185	-431	-665
18024 15650	-222	-37	394
18463 15472	439	661	698
18315 15867	-148	-587	-1248
18001 15763	-314	-166	421
18320 15405	319	633	799
18331 15768	11	-308	-941
18027 15735	-304	-315	-7
18388 15475	361	665	980
18277 15792	-111	-472	-1137
18004 15725	-273	-162	310
18330 15408	326	599	761
18332 15778	2	-324	-923
17934 15736	-398	-400	-76
18313 15382	379	777	1177
18386 15717	73	-306	-1083
18116 15834	-270	-343	-37
18244 15520	128	398	741
18295 15692	51	-77	-475
18141 15699	-154	-205	-128
18304 15589	163	317	522
18140 15708	-164	-327	-644
18084 15588	-56	108	435
18310 15488	226	282	174
18423 15758	113	-113	-395
18198 15827	-225	-338	-225
18128 15646	-70	155	493
18279 15532	151	221	66
18453 15727	174	23	-198
18145 15857	-308	-482	-505
18073 15593	-72	236	718
18348 15477	275	347	111
18342 15796	-6	-281	-628
18059 15746	-283	-277	4
18228 15507	169	452	729
18362 15632	134	-35	-487
18188 15810	-174	-308	-273
18017 15592	-171	3	311
18283 15465	266	437	434
18232 15687	-51	-317	-754
18042 15680	-190	-139	178
18211 15446	169	359	498
18306 15659	95	-74	-433
17856 15710	-450	-545	-471
18082 15304	226	676	1221
18360 15486	278	52	-624
17799 15808	-561	-839	-891
17820 15203	21	582	1421
18372 15268	552	531	-51
17840 15776	-532	-1084	-1615
17750 15288	-90	442	1526
18199 15154	449	539	97
17914 15647	-285	-734	-1273
17694 15318	-220	65	799
18064 15142	370	590	525
17885 15468	-179	-549	-1139
17856 15333	-29	150	699
17969 15260	113	142	-8
17799 15417	-170	-283	-425
17823 15203	24	194	477
18029 15271	206	182	-12
17802 15433	-227	-433	-615
17757 15250	-45	182	615
17883 15161	126	171	-11
17936 15331	53	-73	-244
17869 15340	-67	-120	-47
17893 15317	24	91	211
17804 15297	-89	-113	-204
17955 15252	151	240	353
18002 15359	47	-104	-344
17863 15450	-139	-186	-82
17857 15267	-6	133	319
18091 15305	234	240	107
17865 15495	-226	-460	-700
17647 15313	-218	8	468
17840 15051	193	411	403
18092 15288	252	59	-352
17798 15496	-294	-546	-605
17649 15246	-149	145	691
17882 15053	233	382	237
18016 15330	134	-99	-481
17653 15420	-363	-497	-398
17566 15101	-87	276	773
17961 14970	395	482	206
18028 15409	67	-328	-810
17529 15432	-499	-566	-238
17724 14977	195	694	1260
17990 15128	266	71	-623
17728 15438	-262	-528	-599
17593 15132	-135	127	655
17896 15041	303	438	311
17825 15300	-71	-374	-812
17718 15273	-107	-36	338
17785 15122	67	174	210
17773 15233	-12	-79	-253
17791 15177	18	30	109
17924 15239	133	115	85
17738 15328	-186	-319	-434
17825 15186	87	273	592
17920 15229	95	8	-265
17770 15368	-150	-245	-253
17629 15174	-141	9	254
17859 15077	230	371	362
17877 15263	18	-212	-583
17732 15325	-145	-163	49
17667 15136	-65	80	243
17826 15115	159	224	144
17807 15230	-19	-178	-402
17752 15255	-55	-36	142
17719 15156	-33	22	58
17817 15167	98	131	109
17791 15221	-26	-124	-255
17760 15239	-31	-5	119
17725 15164	-35	-4	1
17799 15173	74	109	113
17716 15203	-83	-157	-266
17664 15164	-52	31	188
17567 15068	-97	-45	-76
17729 15015	162	259	304
17794 15133	65	-97	-356
17592 15242	-202	-267	-170
17580 14996	-12	190	457
17919 15028	339	351	161
17773 15323	-146	-485	-836
17561 15221	-212	-66	419
17643 14965	82	294	360
17844 15091	201	119	-175
17732 15248	-112	-313	-432
17638 15180	-94	18	331
17500 15042	-138	-44	-62
17632 14948	132	270	314
17816 15036	184	52	-218
17736 15264	-80	-264	-316
17512 15140	-224	-144	120
17653 14960	141	365	509
17805 15057	152	11	-354
17657 15253	-148	-300	-311
17424 15061	-233	-85	215
17678 14872	254	487	572
17801 15082	123	-131	-618
17539 15249	-262	-385	-254
17395 14943	-144	118	503
17719 14843	324	468	350
17705 15123	-14	-338	-806
17564 15153	-141	-127	211
17608 14968	44	185	312
17698 15056	90	46	-139
17559 15102	-139	-229	-275
17567 15007	8	147	376
17587 14971	20	12	-135
17570 15035	-17	-37	-49
17544 14974	-26	-9	28
17742 14992	198	224	233
17603 15146	-139	-337	-561
17398 15051	-205	-66	271
17590 14802	192	397	463
17829 15038	239	47	-350
17461 15233	-368	-607	-654
17394 14909	-67	301	908
17728 14798	334	401	100
17726 15176	-2	-336	-737
17359 15130	-367	-365	-29
17520 14807	161	528	893
17720 14924	200	39	-489
17644 15168	-76	-276	-315
17415 15048	-229	-153	123
17461 14863	46	275	428
17625 14865	164	118	-157
17722 15073	97	-67	-185
17456 15126	-266	-363	-296
17423 14904	-33	233	596
17688 14827	265	298	65
17709 15136	21	-244	-542
17321 15113	-388	-409	-165
17456 14769	135	523	932
17683 14860	227	92	-431
17516 15131	-167	-394	-486
17356 14920	-160	7	401
17551 14804	195	355	348
17556 14955	5	-190	-545
17479 15004	-77	-82	108
17474 14883	-5	72	154
17596 14922	122	127	55
17481 15000	-115	-237	-364
17452 14929	-29	86	323
17550 14856	98	127	41
17546 14998	-4	-102	-229
17410 14950	-136	-132	-30
17585 14858	175	311	443
17581 14989	-4	-179	-490
17398 15029	-183	-179	0
17378 14802	-20	163	342
17628 14826	250	270	107
17464 15032	-164	-414	-684
17318 14912	-146	18	432
17471 14722	153	299	281
17584 14919	113	-40	-339
17390 14988	-194	-307	-267
17484 14838	94	288	595
17627 14888	143	49	-239
17530 15075	-97	-240	-289
17442 14934	-88	9	249
17705 14890	263	351	342
17599 15109	-106	-369	-720
17375 15047	-224	-118	251
17407 14779	32	256	374
17615 14855	208	176	-80
17582 15019	-33	-241	-417
17553 15030	-29	4	245
17499 14957	-54	-25	-29
17487 14947	-12	42	67
17409 14891	-78	-66	-108
17554 14857	145	223	289
17623 14958	69	-76	-299
17548 15071	-75	-144	-68
17393 14952	-155	-80	64
17517 14841	124	279	359
17609 14921	92	-32	-311
17522 15057	-87	-179	-147
17415 14926	-107	-20	159
17661 14863	246	353	373
17595 15065	-66	-312	-665
17450 15043	-145	-79	233
17477 14854	27	172	251
17608 14925	131	104	-68
17574 15012	-34	-165	-269
17493 15022	-81	-47	118
17457 14897	-36	45	92
17636 14905	179	215	170
17640 15040	4	-175	-390
17435 15088	-205	-209	-34
17366 14839	-69	136	345
17727 14814	361	430	294
17643 15131	-84	-445	-875
17470 15091	-173	-89	356
17530 14874	60	233	322
17603 14978	73	13	-220
17464 15007	-139	-212	-225
17497 14912	33	172	384
17616 14901	119	86	-86
17523 15064	-93	-212	-298
17366 14927	-157	-64	148
17634 14814	268	425	489
17595 15038	-39	-307	-732
17425 15043	-170	-131	176
17542 14829	117	287	418
17668 14990	126	9	-278
17463 15072	-205	-331	-340
17538 14911	75	280	611
17673 14942	135	60	-220
17621 15121	-52	-187	-247
17372 15025	-249	-197	-10
17480 14820	108	357	554
17737 14884	257	149	-208
17692 15185	-45	-302	-451
17333 15096	-359	-314	-12
17411 14781	78	437	751
17728 14815	317	239	-198
17816 15176	88	-229	-468
17334 15220	-482	-570	-341
17205 14782	-129	353	923
17690 14609	485	614	261
17906 15138	216	-269	-883
17324 15310	-582	-798	-529
17122 14772	-202	380	1178
17580 14526	458	660	280
17937 15028	357	-101	-761
17436 15341	-501	-858	-757
17118 14884	-318	183	1041
17556 14522	438	756	573
17927 15004	371	-67	-823
17466 15331	-461	-832	-765
17154 14914	-312	149	981
17614 14558	460	772	623
17925 15062	311	-149	-921
17423 15329	-502	-813	-664
17347 14871	-76	426	1239
17667 14751	320	396	-30
17720 15115	53	-267	-663
17429 15124	-291	-344	-77
17406 14877	-23	268	612
17512 14810	106	129	-139
17651 14960	139	33	-96
17582 15055	-69	-208	-241
17490 15030	-92	-23	185
17468 14894	-22	70	93
17682 14916	214	236	166
17709 15086	27	-187	-423
17457 15157	-252	-279	-92
17237 14861	-220	32	311
17633 14685	396	616	584
17825 15037	192	-204	-820
17449 15273	-376	-568	-364
17191 14853	-258	118	686
17633 14639	442	700	582
17809 15037	176	-266	-966
17515 15257	-294	-470	-204
17279 14919	-236	58	528
17582 14727	303	539	481
17787 14986	205	-98	-637
17567 15235	-220	-425	-327
17214 14971	-353	-133	292
17476 14662	262	615	748
17867 14880	391	129	-486
17603 15315	-264	-655	-784
17131 15007	-472	-208	447
17629 14579	498	970	1178
