# 32740 32612
48 23
206 48
449 206
714 449
979 714
1230 971
1485 1222
1714 1441
1979 1686
2225 1923
2482 2159
2716 2386
2970 2605
3232 2830
3434 3020
3653 3228
3827 3344
4009 3468
4326 3624
4622 3809
4991 4082
5291 4349
5557 4540
5870 4682
6307 4991
6593 5313
7004 5542
7497 5849
7875 6162
8211 6427
8649 6775
9084 7134
9589 7469
9907 7789
10285 8159
10604 8309
11054 8695
11322 9042
11773 9260
12284 9615
12617 10144
12788 10374
13303 10540
13582 10981
13808 11266
14265 11392
14564 11855
14625 12108
15081 12164
15244 12564
15298 12767
15686 12743
15844 13180
15705 13284
16176 13197
16273 13606
16164 13753
16507 13588
16692 13973
16557 14116
16925 14016
16991 14328
16893 14446
17165 14304
17364 14612
17177 14771
17354 14625
17474 14758
17387 14922
17539 14791
17767 14987
17553 15171
17774 15001
17912 15178
17640 15360
17794 15044
18047 15242
17739 15451
18004 15187
18191 15408
17900 15639
18051 15304
18288 15499
17963 15692
18212 15411
18356 15616
18076 15804
18299 15480
18507 15747
18063 15911
18324 15511
18521 15728
18147 15969
18355 15551
18677 15803
18205 16081
18329 15653
18560 15733
18295 16008
18378 15699
18613 15826
18198 16017
18300 15646
18608 15704
18262 16056
18176 15666
18605 15624
18286 16009
18294 15734
18624 15698
18302 16072
18219 15706
18684 15667
18313 16088
18152 15761
18573 15556
18506 16021
18253 15910
18568 15701
18543 15972
18349 15991
18474 15753
18647 15922
18391 16051
18460 15839
18648 15864
18462 16096
18382 15866
18726 15830
18447 16130
18334 15895
18731 15738
18555 16179
18275 15959
18716 15723
18582 16120
18387 16030
18606 15791
18569 16054
18391 15973
18607 15839
18519 16011
18449 15967
18585 15853
18547 16033
18328 15951
18512 15776
18519 15916
18348 15967
18344 15752
18490 15792
18309 15894
18275 15757
18443 15679
18344 15891
18160 15748
18581 15608
18354 15985
17992 15802
18528 15396
18535 15976
17926 15939
18463 15374
18583 15867
18014 16031
18313 15418
18514 15761
17973 15918
18383 15421
18493 15787
17910 15941
18285 15314
18664 15733
17963 16068
18120 15411
18557 15524
18196 16005
18033 15600
18393 15481
18200 15797
18118 15648
18369 15522
18256 15817
18029 15660
18272 15477
18136 15676
18202 15584
18383 15606
18077 15831
18063 15481
18479 15511
18107 15883
18076 15555
18556 15480
18273 16004
18014 15677
18564 15462
18437 15968
18104 15885
18308 15508
18504 15756
18173 15908
18185 15621
18431 15589
18246 15879
18024 15650
18463 15472
18315 15867
18001 15763
18320 15405
18331 15768
18027 15735
18388 15475
18277 15792
18004 15725
18330 15408
18332 15778
17934 15736
18313 15382
18386 15717
18116 15834
18244 15520
18295 15692
18141 15699
18304 15589
18140 15708
18084 15588
18310 15488
18423 15758
18198 15827
18128 15646
18279 15532
18453 15727
18145 15857
18073 15593
18348 15477
18342 15796
18059 15746
18228 15507
18362 15632
18188 15810
18017 15592
18283 15465
18232 15687
18042 15680
18211 15446
18306 15659
17856 15710
18082 15304
18360 15486
17799 15808
17820 15203
18372 15268
17840 15776
17750 15288
18199 15154
17914 15647
17694 15318
18064 15142
17885 15468
17856 15333
17969 15260
17799 15417
17823 15203
18029 15271
17802 15433
17757 15250
17883 15161
17936 15331
17869 15340
17893 15317
17804 15297
17955 15252
18002 15359
17863 15450
17857 15267
18091 15305
17865 15495
17647 15313
17840 15051
18092 15288
17798 15496
17649 15246
17882 15053
18016 15330
17653 15420
17566 15101
17961 14970
18028 15409
17529 15432
17724 14977
17990 15128
17728 15438
17593 15132
17896 15041
17825 15300
17718 15273
17785 15122
17773 15233
17791 15177
17924 15239
17738 15328
17825 15186
17920 15229
17770 15368
17629 15174
17859 15077
17877 15263
17732 15325
17667 15136
17826 15115
17807 15230
17752 15255
17719 15156
17817 15167
17791 15221
17760 15239
17725 15164
17799 15173
17716 15203
17664 15164
17567 15068
17729 15015
17794 15133
17592 15242
17580 14996
17919 15028
17773 15323
17561 15221
17643 14965
17844 15091
17732 15248
17638 15180
17500 15042
17632 14948
17816 15036
17736 15264
17512 15140
17653 14960
17805 15057
17657 15253
17424 15061
17678 14872
17801 15082
17539 15249
17395 14943
17719 14843
17705 15123
17564 15153
17608 14968
17698 15056
17559 15102
17567 15007
17587 14971
17570 15035
17544 14974
17742 14992
17603 15146
17398 15051
17590 14802
17829 15038
17461 15233
17394 14909
17728 14798
17726 15176
17359 15130
17520 14807
17720 14924
17644 15168
17415 15048
17461 14863
17625 14865
17722 15073
17456 15126
17423 14904
17688 14827
17709 15136
17321 15113
17456 14769
17683 14860
17516 15131
17356 14920
17551 14804
17556 14955
17479 15004
17474 14883
17596 14922
17481 15000
17452 14929
17550 14856
17546 14998
17410 14950
17585 14858
17581 14989
17398 15029
17378 14802
17628 14826
17464 15032
17318 14912
17471 14722
17584 14919
17390 14988
17484 14838
17627 14888
17530 15075
17442 14934
17705 14890
17599 15109
17375 15047
17407 14779
17615 14855
17582 15019
17553 15030
17499 14957
17487 14947
17409 14891
17554 14857
17623 14958
17548 15071
17393 14952
17517 14841
17609 14921
17522 15057
17415 14926
17661 14863
17595 15065
17450 15043
17477 14854
17608 14925
17574 15012
17493 15022
17457 14897
17636 14905
17640 15040
17435 15088
17366 14839
17727 14814
17643 15131
17470 15091
17530 14874
17603 14978
17464 15007
17497 14912
17616 14901
17523 15064
17366 14927
17634 14814
17595 15038
17425 15043
17542 14829
17668 14990
17463 15072
17538 14911
17673 14942
17621 15121
17372 15025
17480 14820
17737 14884
17692 15185
17333 15096
17411 14781
17728 14815
17816 15176
17334 15220
17205 14782
17690 14609
17906 15138
17324 15310
17122 14772
17580 14526
17937 15028
17436 15341
17118 14884
17556 14522
17927 15004
17466 15331
17154 14914
17614 14558
17925 15062
17423 15329
17347 14871
17667 14751
17720 15115
17429 15124
17406 14877
17512 14810
17651 14960
17582 15055
17490 15030
17468 14894
17682 14916
17709 15086
17457 15157
17237 14861
17633 14685
17825 15037
17449 15273
17191 14853
17633 14639
17809 15037
17515 15257
17279 14919
17582 14727
17787 14986
17567 15235
17214 14971
17476 14662
17867 14880
17603 15315
17131 15007
17629 14579
