#8172 0 0	0	0	0
#4202 4364 8672	-3970	-3970	-3970
#4119 4017 5385	-83	3887	7857
#3968 3819 5068	-151	-68	-3955
3792 3572 4857	-176	-25	43
3701 3431 4689	-91	85	110
3572 3375 4452	-129	-38	-123
3483 3223 4350	-89	40	78
3345 3080 4151	-138	-49	-89
3243 2954 3968	-102	36	85
3213 2874 3784	-30	72	36
3092 2873 3725	-121	-91	-163
3014 2834 3775	-78	43	134
2986 2644 3618	-28	50	7
2936 2698 3460	-50	-22	-72
2830 2578 3470	-106	-56	-34
2806 2540 3290	-24	82	138
2801 2505 3253	-5	19	-63
2712 2529 3228	-89	-84	-103
2726 2352 3171	14	103	187
2655 2381 3003	-71	-85	-188
2550 2289 3042	-105	-34	51
2617 2215 3004	67	172	206
2573 2232 2891	-44	-111	-283
2586 2231 2965	13	57	168
2500 2200 2939	-86	-99	-156
2500 2198 2870	0	86	185
2437 2145 2837	-63	-63	-149
2459 2058 2791	22	85	148
2352 2125 2811	-107	-129	-214
2353 2053 2662	1	108	237
2247 2036 2651	-106	-107	-215
2161 1902 2608	-86	20	127
2202 1801 2465	41	127	107
2104 1866 2363	-98	-139	-266
2093 1735 2315	-11	87	226
2098 1747 2322	5	16	-71
2084 1696 2213	-14	-19	-35
2088 1704 2226	4	18	37
2091 1735 2211	3	-1	-19
2067 1730 2215	-24	-27	-26
1971 1650 2200	-96	-72	-45
1988 1631 2181	17	113	185
1923 1657 2114	-65	-82	-195
1904 1571 2138	-19	46	128
1854 1578 2027	-50	-31	-77
1851 1531 1955	-3	47	78
1842 1563 1928	-9	-6	-53
1810 1502 1941	-32	-23	-17
1817 1513 1909	7	39	62
1863 1494 1877	46	39	0
1936 1411 1901	73	27	-12
1888 1536 1931	-48	-121	-148
1974 1510 1912	86	134	255
1945 1601 1983	-29	-115	-249
1954 1503 2002	9	38	153
1915 1591 1942	-39	-48	-86
1849 1570 1967	-66	-27	21
1864 1499 1959	15	81	108
1859 1521 1932	-5	-20	-101
1885 1538 1923	26	31	51
1851 1628 2008	-34	-60	-91
1698 1545 2001	-153	-119	-59
1731 1357 1836	33	186	305
1674 1401 1688	-57	-90	-276
1651 1273 1694	-23	34	124
1655 1270 1549	4	27	-7
1624 1243 1509	-31	-35	-62
1652 1254 1543	28	59	94
1681 1303 1607	29	1	-58
1645 1338 1655	-36	-65	-66
1658 1301 1627	13	49	114
1682 1298 1627	24	11	-38
1630 1314 1594	-52	-76	-87
1595 1303 1647	-35	17	93
1650 1239 1570	55	90	73
1597 1299 1558	-53	-108	-198
1623 1280 1621	26	79	187
1614 1265 1517	-9	-35	-114
1561 1293 1562	-53	-44	-9
1614 1199 1540	53	106	150
1600 1284 1529	-14	-67	-173
1598 1262 1530	-2	12	79
1622 1312 1582	24	26	14
1588 1272 1498	-34	-58	-84
1566 1302 1612	-22	12	70
1620 1236 1544	54	76	64
1554 1258 1506	-66	-120	-196
1593 1233 1565	39	105	225
1514 1285 1498	-79	-118	-223
1497 1171 1470	-17	62	180
1476 1207 1424	-21	-4	-66
1426 1132 1345	-50	-29	-25
1444 1098 1296	18	68	97
1470 1102 1262	26	8	-60
1418 1162 1296	-52	-78	-86
1383 1117 1299	-35	17	95
1373 1068 1333	-10	25	8
1425 1022 1262	52	62	37
1392 1099 1253	-33	-85	-147
1391 1033 1276	-1	32	117
1380 1057 1264	-11	-10	-42
1415 1049 1212	35	46	56
1384 1095 1290	-31	-66	-112
1415 1087 1256	31	62	128
1399 1068 1309	-16	-47	-109
1429 1132 1346	30	46	93
1447 1132 1316	18	-12	-58
1388 1213 1373	-59	-77	-65
1395 1091 1366	7	66	143
1335 1080 1325	-60	-67	-133
1325 1030 1250	-10	50	117
1300 999 1177	-25	-15	-65
1291 947 1182	-9	16	31
1284 931 1136	-7	2	-14
1251 921 1112	-33	-26	-28
1252 905 1110	1	34	60
1276 896 1073	24	23	-11
1266 950 1102	-10	-34	-57
1293 907 1117	27	37	71
1305 932 1101	12	-15	-52
1313 922 1176	8	-4	11
1336 969 1141	23	15	19
1381 1001 1218	45	22	7
1348 1057 1210	-33	-78	-100
1319 1021 1210	-29	4	82
1329 1002 1241	10	39	35
1276 1011 1157	-53	-63	-102
1354 902 1199	78	131	194
1266 974 1150	-88	-166	-297
1265 915 1155	-1	87	253
1270 903 1146	5	6	-81
1296 930 1137	26	21	15
1258 934 1144	-38	-64	-85
1239 891 1139	-19	19	83
1225 878 1099	-14	5	-14
1200 949 1069	-25	-11	-16
1177 857 1022	-23	2	13
1178 857 1002	1	24	22
1190 830 1029	12	11	-13
1194 866 1034	4	-8	-19
1159 901 1089	-35	-39	-31
1142 819 1020	-17	18	57
1106 846 975	-36	-19	-37
1131 721 897	25	61	80
1070 785 854	-61	-86	-147
1098 782 873	28	89	175
1061 795 869	-37	-65	-154
1067 720 859	6	43	108
1055 812 856	-12	-18	-61
1030 773 823	-25	-13	5
1005 709 836	-25	0	13
1005 736 775	0	25	25
1037 718 824	32	32	7
969 754 768	-68	-100	-132
983 738 840	14	82	182
931 726 794	-52	-66	-148
950 689 735	19	71	137
906 704 695	-44	-63	-134
905 651 693	-1	43	106
953 626 643	48	49	6
953 672 668	0	-48	-97
969 672 672	16	16	64
971 686 716	2	-14	-30
956 719 751	-15	-17	-3
961 721 738	5	20	37
930 703 734	-31	-36	-56
917 665 684	-13	18	54
895 674 677	-22	-9	-27
879 618 644	-16	6	15
882 587 611	3	19	13
846 622 611	-36	-39	-58
859 573 581	13	49	88
871 588 593	12	-1	-50
916 607 591	45	33	34
899 639 582	-17	-62	-95
914 627 624	15	32	94
933 643 652	19	4	-28
941 650 631	8	-11	-15
959 668 642	18	10	21
1005 656 718	46	28	18
955 720 704	-50	-96	-124
934 683 725	-21	29	125
937 695 686	3	24	-5
918 693 706	-19	-22	-46
985 647 720	67	86	108
956 729 698	-29	-96	-182
958 680 729	2	31	127
956 738 724	-2	-4	-35
961 663 717	5	7	11
950 701 712	-11	-16	-23
991 657 706	41	52	68
991 726 743	0	-41	-93
956 739 787	-35	-35	6
982 704 805	26	61	96
986 712 754	4	-22	-83
980 740 810	-6	-10	12
1020 710 798	40	46	56
988 704 750	-32	-72	-118
1042 632 768	54	86	158
1019 721 801	-23	-77	-163
1015 714 787	-4	19	96
976 663 779	-39	-35	-54
961 697 796	-15	24	59
965 662 723	4	19	-5
998 643 697	33	29	10
1017 635 640	19	-14	-43
973 742 751	-44	-63	-49
1002 629 711	29	73	136
980 702 689	-22	-51	-124
972 648 698	-8	14	65
967 679 671	-5	3	-11
996 589 642	29	34	31
976 666 649	-20	-49	-83
1024 630 670	48	68	117
984 672 680	-40	-88	-156
1010 644 706	26	66	154
947 701 669	-63	-89	-155
940 649 722	-7	56	145
970 626 659	30	37	-19
942 634 684	-28	-58	-95
949 603 663	7	35	93
931 658 635	-18	-25	-60
952 609 633	21	39	64
882 638 637	-70	-91	-130
896 546 620	14	84	175
878 552 544	-18	-32	-116
900 570 582	22	40	72
871 563 567	-29	-51	-91
878 583 578	7	36	87
880 552 565	2	-5	-41
882 574 582	2	0	5
857 587 567	-25	-27	-27
882 551 578	25	50	77
872 518 581	-10	-35	-85
895 539 559	23	33	68
902 541 552	7	-16	-49
906 572 611	4	-3	13
884 604 624	-22	-26	-23
899 547 577	15	37	63
878 521 608	-21	-36	-73
924 522 553	46	67	103
890 568 594	-34	-80	-147
905 523 593	15	49	129
918 523 592	13	-2	-51
915 579 652	-3	-16	-14
923 594 637	8	11	27
906 571 645	-17	-25	-36
878 586 643	-28	-11	14
877 537 617	-1	27	38
886 497 566	9	10	-17
881 501 560	-5	-14	-24
880 561 594	-1	4	18
905 527 582	25	26	22
866 595 608	-39	-64	-90
902 544 599	36	75	139
890 570 588	-12	-48	-123
869 563 617	-21	-9	39
866 545 586	-3	18	27
878 544 593	12	15	-3
897 539 601	19	7	-8
898 581 598	1	-18	-25
924 568 655	26	25	43
915 587 631	-9	-35	-60
910 591 658	-5	4	39
898 594 643	-12	-7	-11
901 597 655	3	15	22
865 606 669	-36	-39	-54
891 536 644	26	62	101
898 529 605	7	-19	-81
895 595 630	-3	-10	9
910 561 626	15	18	28
884 598 623	-26	-41	-59
897 585 619	13	39	80
898 589 682	1	-12	-51
892 588 649	-6	-7	5
923 583 629	31	37	44
910 597 656	-13	-44	-81
927 545 638	17	30	74
931 586 631	4	-13	-43
911 592 652	-20	-24	-11
900 589 663	-11	9	33
910 546 641	10	21	12
893 581 615	-17	-27	-48
843 560 619	-50	-33	-6
858 523 601	15	65	98
833 515 584	-25	-40	-105
847 486 551	14	39	79
858 481 565	11	-3	-42
869 479 532	11	0	3
859 548 597	-10	-21	-21
893 478 576	34	44	65
822 553 565	-71	-105	-149
877 483 574	55	126	231
859 542 559	-18	-73	-199
861 526 582	2	20	93
849 522 592	-12	-14	-34
856 517 569	7	19	33
873 489 574	17	10	-9
870 531 572	-3	-20	-30
906 552 621	36	39	59
871 571 627	-35	-71	-110
884 535 638	13	48	119
841 565 620	-43	-56	-104
852 553 634	11	54	110
839 547 572	-13	-24	-78
840 541 570	1	14	38
818 514 569	-22	-23	-37
843 497 557	25	47	70
838 525 546	-5	-30	-77
830 466 583	-8	-3	27
812 544 570	-18	-10	-7
827 467 549	15	33	43
808 485 524	-19	-34	-67
767 453 536	-41	-22	12
780 409 494	13	54	76
794 400 443	14	1	-53
805 423 481	11	-3	-4
825 420 485	20	9	12
824 441 489	-1	-21	-30
836 466 505	12	13	34
838 460 476	2	-10	-23
838 502 512	0	-2	8
809 507 523	-29	-29	-27
833 494 543	24	53	82
822 501 499	-11	-35	-88
833 487 508	11	22	57
798 511 508	-35	-46	-68
809 455 520	11	46	92
795 482 493	-14	-25	-71
829 438 484	34	48	73
778 469 503	-51	-85	-133
805 413 466	27	78	163
781 456 489	-24	-51	-129
797 444 474	16	40	91
799 448 482	2	-14	-54
798 443 455	-1	-3	11
794 398 465	-4	-3	0
792 460 472	-2	2	5
783 427 459	-9	-7	-9
801 424 437	18	27	34
768 443 441	-33	-51	-78
781 403 458	13	46	97
776 411 448	-5	-18	-64
731 395 436	-45	-40	-22
741 354 417	10	55	95
763 362 376	22	12	-43
727 396 360	-36	-58	-70
726 371 373	-1	35	93
707 367 364	-19	-18	-53
717 342 347	10	29	47
699 358 306	-18	-28	-57
715 356 340	16	34	62
720 367 359	5	-11	-45
734 398 363	14	9	20
734 418 396	0	-14	-23
737 399 393	3	3	17
750 415 418	13	10	7
730 416 441	-20	-33	-43
741 401 429	11	31	64
715 440 415	-26	-37	-68
701 398 420	-14	12	49
699 394 390	-2	12	0
681 386 392	-18	-16	-28
687 360 374	6	24	40
679 354 358	-8	-14	-38
670 353 341	-9	-1	13
674 352 349	4	13	14
682 350 346	8	4	-9
661 367 345	-21	-29	-33
689 370 343	28	49	78
667 376 324	-22	-50	-99
688 357 327	21	43	93
644 366 339	-44	-65	-108
681 317 325	37	81	146
673 376 347	-8	-45	-126
692 371 335	19	27	72
678 380 351	-14	-33	-60
676 356 358	-2	12	45
709 377 347	33	35	23
686 375 348	-23	-56	-91
683 359 344	-3	20	76
695 346 335	12	15	-5
692 383 333	-3	-15	-30
764 352 373	72	75	90
713 435 373	-51	-123	-198
719 432 387	6	57	180
715 408 414	-4	-10	-67
711 422 430	-4	0	10
704 407 421	-7	-3	-3
716 416 435	12	19	22
698 426 398	-18	-30	-49
664 412 408	-34	-16	14
660 362 372	-4	30	46
660 360 326	0	4	-26
664 376 354	4	4	0
673 355 359	9	5	1
686 353 326	13	4	-1
645 389 336	-41	-54	-58
683 342 349	38	79	133
659 354 312	-24	-62	-141
639 344 352	-20	4	66
676 339 331	37	57	53
666 384 339	-10	-47	-104
690 380 368	24	34	81
709 385 401	19	-5	-39
702 381 410	-7	-26	-21
711 403 410	9	16	42
715 394 415	4	-5	-21
713 388 418	-2	-6	-1
746 381 393	33	35	41
687 425 408	-59	-92	-127
711 376 445	24	83	175
687 394 404	-24	-48	-131
678 391 407	-9	15	63
668 360 373	-10	-1	-16
648 318 334	-20	-10	-9
649 317 337	1	21	31
624 327 328	-25	-26	-47
633 293 304	9	34	60
627 308 289	-6	-15	-49
638 315 295	11	17	32
590 322 271	-48	-59	-76
595 291 291	5	53	112
603 256 259	8	3	-50
607 278 250	4	-4	-7
600 275 249	-7	-11	-7
615 285 270	15	22	33
609 292 271	-6	-21	-43
600 309 293	-9	-3	18
598 296 283	-2	7	10
602 280 252	4	6	-1
611 277 251	9	5	-1
622 305 260	11	2	-3
606 324 293	-16	-27	-29
618 296 296	12	28	55
601 313 293	-17	-29	-57
625 300 277	24	41	70
636 303 307	11	-13	-54
671 317 296	35	24	37
649 342 325	-22	-57	-81
682 327 381	33	55	112
653 389 360	-29	-62	-117
663 328 351	10	39	101
664 335 335	1	-9	-48
639 313 334	-25	-26	-17
676 297 328	37	62	88
654 354 323	-22	-59	-121
664 316 326	10	32	91
643 355 347	-21	-31	-63
657 324 319	14	35	66
621 332 314	-36	-50	-85
608 295 315	-13	23	73
620 286 275	12	25	2
624 280 256	4	-8	-33
645 297 275	21	17	25
628 319 280	-17	-38	-55
619 283 310	-9	8	46
617 286 265	-2	7	-1
617 304 268	0	2	-5
615 310 258	-2	-2	-4
611 300 280	-4	-2	0
631 298 260	20	24	26
593 308 244	-38	-58	-82
618 279 269	25	63	121
619 291 258	1	-24	-87
614 289 268	-5	-6	18
620 284 251	6	11	17
603 301 265	-17	-23	-34
614 255 264	11	28	51
616 276 239	2	-9	-37
636 246 224	20	18	27
649 277 209	13	-7	-25
637 304 247	-12	-25	-18
650 305 267	13	25	50
628 338 293	-22	-35	-60
633 283 283	5	27	62
622 315 282	-11	-16	-43
627 285 286	5	16	32
616 305 278	-11	-16	-32
638 278 269	22	33	49
612 304 280	-26	-48	-81
641 285 283	29	55	103
610 313 274	-31	-60	-115
638 284 291	28	59	119
645 283 269	7	-21	-80
678 309 266	33	26	47
641 347 296	-37	-70	-96
641 328 319	0	37	107
658 299 323	17	17	-20
635 321 298	-23	-40	-57
629 290 295	-6	17	57
630 295 277	1	7	-10
618 288 259	-12	-13	-20
623 277 261	5	17	30
634 265 272	11	6	-11
620 292 257	-14	-25	-31
620 280 280	0	14	39
616 270 270	-4	-4	-18
608 276 242	-8	-4	0
603 265 243	-5	3	7
620 267 252	17	22	19
644 264 249	24	7	-15
637 309 279	-7	-31	-38
651 296 275	14	21	52
639 310 286	-12	-26	-47
672 325 301	33	45	71
659 339 304	-13	-46	-91
674 363 318	15	28	74
684 336 323	10	-5	-33
664 356 338	-20	-30	-25
675 343 343	11	31	61
660 355 360	-15	-26	-57
640 356 333	-20	-5	21
632 326 300	-8	12	17
636 302 292	4	12	0
645 283 279	9	5	-7
670 315 304	25	16	11
644 326 281	-26	-51	-67
640 324 330	-4	22	73
655 279 307	15	19	-3
653 290 269	-2	-17	-36
628 309 289	-25	-23	-6
639 255 282	11	36	59
610 317 278	-29	-40	-76
601 279 276	-9	20	60
591 242 239	-10	-1	-21
606 245 233	15	25	26
593 267 238	-13	-28	-53
605 258 243	12	25	53
603 288 226	-2	-14	-39
618 267 229	15	17	31
619 321 230	1	-14	-31
595 288 267	-24	-25	-11
621 296 258	26	50	75
607 304 250	-14	-40	-90
622 291 259	15	29	69
629 311 256	7	-8	-37
633 316 277	4	-3	5
636 311 257	3	-1	2
620 328 269	-16	-19	-18
637 281 271	17	33	52
605 316 267	-32	-49	-82
621 274 262	16	48	97
649 298 246	28	12	-36
645 318 272	-4	-32	-44
645 338 282	0	4	36
637 336 296	-8	-8	-12
619 306 302	-18	-10	-2
636 297 271	17	35	45
632 332 289	-4	-21	-56
670 300 278	38	42	63
628 366 274	-42	-80	-122
621 325 311	-7	35	115
625 320 259	4	11	-24
619 294 244	-6	-10	-21
635 300 262	16	22	32
625 308 258	-10	-26	-48
662 317 267	37	47	73
638 346 279	-24	-61	-108
645 337 289	7	31	92
633 340 297	-12	-19	-50
654 315 281	21	33	52
653 345 286	-1	-22	-55
667 350 309	14	15	37
666 333 299	-1	-15	-30
672 346 327	6	7	22
692 350 322	20	14	7
681 367 315	-11	-31	-45
685 332 315	4	15	46
685 350 322	0	-4	-19
663 346 334	-22	-22	-18
689 342 326	26	48	70
675 404 332	-14	-40	-88
688 353 359	13	27	67
696 384 357	8	-5	-32
691 385 347	-5	-13	-8
709 372 367	18	23	36
723 398 364	14	-4	-27
689 424 406	-34	-48	-44
701 382 412	12	46	94
689 388 398	-12	-24	-70
685 366 354	-4	8	32
664 361 383	-21	-17	-25
689 357 366	25	46	63
668 373 348	-21	-46	-92
654 336 333	-14	7	53
653 353 347	-1	13	6
667 354 341	14	15	2
654 357 331	-13	-27	-42
669 355 310	15	28	55
674 329 322	5	-10	-38
674 334 337	0	-5	5
700 358 330	26	26	31
697 367 343	-3	-29	-55
691 364 359	-6	-3	26
690 361 367	-1	5	8
693 359 372	3	4	-1
715 384 359	22	19	15
677 418 386	-38	-60	-79
680 381 401	3	41	101
660 402 367	-20	-23	-64
654 356 328	-6	14	37
646 344 334	-8	-2	-16
659 347 299	13	21	23
622 365 324	-37	-50	-71
633 311 324	11	48	98
604 341 296	-29	-40	-88
587 295 262	-17	12	52
583 286 217	-4	13	1
577 280 216	-6	-2	-15
574 279 215	-3	3	5
574 260 203	0	3	0
567 269 201	-7	-7	-10
560 261 204	-7	0	7
578 248 189	18	25	25
566 256 192	-12	-30	-55
560 244 200	-6	6	36
559 235 185	-1	5	-1
582 227 176	23	24	19
550 266 193	-32	-55	-79
564 248 200	14	46	101
550 238 198	-14	-28	-74
573 237 197	23	37	65
560 271 198	-13	-36	-73
552 250 211	-8	5	41
548 250 194	-4	4	-1
555 229 177	7	11	7
558 245 184	3	-4	-15
563 221 184	5	2	6
589 232 179	26	21	19
573 274 216	-16	-42	-63
570 255 237	-3	13	55
578 266 225	8	11	-2
556 292 240	-22	-30	-41
551 261 243	-5	17	47
545 246 191	-6	-1	-18
537 222 182	-8	-2	-1
532 219 169	-5	3	5
524 212 173	-8	-3	-6
532 196 150	8	16	19
538 194 148	6	-2	-18
536 228 166	-2	-8	-6
551 211 165	15	17	25
531 246 177	-20	-35	-52
533 206 172	2	22	57
545 212 176	12	10	-12
547 224 142	2	-10	-20
554 227 179	7	5	15
549 243 168	-5	-12	-17
551 236 189	2	7	19
547 246 194	-4	-6	-13
565 230 182	18	22	28
579 248 198	14	-4	-26
536 249 203	-43	-57	-53
550 224 193	14	57	114
560 222 170	10	-4	-61
569 235 195	9	-1	3
575 242 193	6	-3	-2
572 239 195	-3	-9	-6
568 284 221	-4	-1	8
569 255 211	1	5	6
556 259 212	-13	-14	-19
542 252 209	-14	-1	13
547 233 185	5	19	20
555 220 193	8	3	-16
551 256 190	-4	-12	-15
568 239 191	17	21	33
540 238 203	-28	-45	-66
553 223 201	13	41	86
542 227 196	-11	-24	-65
550 232 157	8	19	43
549 251 165	-1	-9	-28
593 220 195	44	45	54
566 297 221	-27	-71	-116
576 272 231	10	37	108
566 274 222	-10	-20	-57
547 251 223	-19	-9	11
549 240 203	2	21	30
540 223 185	-9	-11	-32
514 236 179	-26	-17	-6
510 206 194	-4	22	39
514 200 156	4	8	-14
513 189 131	-1	-5	-13
527 174 113	14	15	20
525 200 122	-2	-16	-31
531 212 138	6	8	24
529 200 132	-2	-8	-16
539 208 136	10	12	20
529 230 144	-10	-20	-32
531 220 156	2	12	32
513 224 144	-18	-20	-32
512 191 131	-1	17	37
508 190 123	-4	-3	-20
521 187 115	13	17	20
510 187 122	-11	-24	-41
535 183 126	25	36	60
527 208 125	-8	-33	-69
524 203 137	-3	5	38
503 207 136	-21	-18	-23
512 175 120	9	30	48
510 178 115	-2	-11	-41
506 176 98	-4	-2	9
505 183 95	-1	3	5
504 171 86	-1	0	-3
522 182 99	18	19	19
525 189 113	3	-15	-34
535 220 133	10	7	22
526 223 161	-9	-19	-26
507 215 160	-19	-10	9
497 194 143	-10	9	19
503 182 124	6	16	7
506 181 125	3	-3	-19
513 181 120	7	4	7
520 201 108	7	0	-4
510 190 119	-10	-17	-17
526 194 120	16	26	43
532 196 126	6	-10	-36
530 212 140	-2	-8	2
566 214 156	36	38	46
540 254 166	-26	-62	-100
540 232 174	0	26	88
531 229 175	-9	-9	-35
531 212 153	0	9	18
538 223 139	7	7	-2
510 234 139	-28	-35	-42
527 197 149	17	45	80
500 213 140	-27	-44	-89
502 198 137	2	29	73
504 186 114	2	0	-29
498 210 130	-6	-8	-8
488 200 124	-10	-4	4
504 190 120	16	26	30
486 202 102	-18	-34	-60
480 180 112	-6	12	46
486 164 92	6	12	0
493 165 81	7	1	-11
494 179 98	1	-6	-7
510 190 103	16	15	21
504 210 114	-6	-22	-37
512 210 126	8	14	36
502 232 154	-10	-18	-32
527 195 155	25	35	53
517 240 151	-10	-35	-70
524 205 151	7	17	52
519 229 168	-5	-12	-29
544 243 174	25	30	42
555 223 188	11	-14	-44
542 255 186	-13	-24	-10
554 244 203	12	25	49
544 252 208	-10	-22	-47
552 236 186	8	18	40
564 242 162	12	4	-14
582 262 200	18	6	2
596 276 210	14	-4	-10
570 294 234	-26	-40	-36
558 256 222	-12	14	54
546 226 208	-12	0	-14
553 219 195	7	19	19
578 201 176	25	18	-1
567 245 180	-11	-36	-54
607 250 213	40	51	87
600 299 245	-7	-47	-98
584 306 255	-16	-9	38
631 311 249	47	63	72
606 329 270	-25	-72	-135
614 284 305	8	33	105
631 299 281	17	9	-24
623 304 287	-8	-25	-34
615 302 272	-8	0	25
635 292 248	20	28	28
617 322 288	-18	-38	-66
633 284 274	16	34	72
598 331 267	-35	-51	-85
613 289 268	15	50	101
625 318 271	12	-3	-53
637 314 274	12	0	3
602 333 265	-35	-47	-47
613 287 278	11	46	93
618 307 268	5	-6	-52
623 289 248	5	0	6
612 305 254	-11	-16	-16
612 278 283	0	11	27
616 298 270	4	4	-7
615 293 277	-1	-5	-9
590 303 266	-25	-24	-19
594 264 257	4	29	53
588 258 240	-6	-10	-39
588 278 234	0	6	16
584 254 210	-4	-4	-10
597 245 203	13	17	21
606 261 212	9	-4	-21
609 277 216	3	-6	-2
621 288 235	12	9	15
604 321 259	-17	-29	-38
609 307 278	5	22	51
622 277 270	13	8	-14
596 306 251	-26	-39	-47
597 289 255	1	27	66
604 277 248	7	6	-21
598 288 249	-6	-13	-19
615 283 259	17	23	36
584 285 212	-31	-48	-71
596 254 225	12	43	91
598 274 222	2	-10	-53
618 260 226	20	18	28
632 300 248	14	-6	-24
626 278 252	-6	-20	-14
626 324 300	0	6	26
611 289 281	-15	-15	-21
635 312 261	24	39	54
619 316 258	-16	-40	-79
608 341 283	-11	5	45
623 275 260	15	26	21
607 302 243	-16	-31	-57
632 251 229	25	41	72
623 301 248	-9	-34	-75
627 308 261	4	13	47
606 317 267	-21	-25	-38
601 291 272	-5	16	41
609 280 253	8	13	-3
599 280 248	-10	-18	-31
620 295 237	21	31	49
606 298 235	-14	-35	-66
624 274 260	18	32	67
628 306 254	4	-14	-46
629 297 259	1	-3	11
630 327 264	1	0	3
646 298 277	16	15	15
640 330 296	-6	-22	-37
632 302 272	-8	-2	20
630 324 292	-2	6	8
651 295 279	21	23	17
633 302 257	-18	-39	-62
646 307 263	13	31	70
641 331 274	-5	-18	-49
604 319 280	-37	-32	-14
577 275 260	-27	10	42
555 268 233	-22	5	-5
540 251 209	-15	7	2
544 240 185	4	19	12
548 230 190	4	0	-19
549 225 157	1	-3	-3
537 220 149	-12	-13	-10
530 225 159	-7	5	18
542 214 151	12	19	14
535 219 141	-7	-19	-38
538 219 148	3	10	29
550 208 157	12	9	-1
547 217 151	-3	-15	-24
566 231 164	19	22	37
579 247 174	13	-6	-28
582 267 180	3	-10	-4
596 274 219	14	11	21
592 304 252	-4	-18	-29
613 267 237	21	25	43
594 289 232	-19	-40	-65
610 250 243	16	35	75
605 275 213	-5	-21	-56
618 269 242	13	18	39
600 296 247	-18	-31	-49
577 289 261	-23	-5	26
576 281 262	-1	22	27
583 251 224	7	8	-14
588 257 196	5	-2	-10
596 280 207	8	3	5
601 261 215	5	-3	-6
575 276 215	-26	-31	-28
577 266 210	2	28	59
580 257 183	3	1	-27
566 282 207	-14	-17	-18
582 262 196	16	30	47
559 265 187	-23	-39	-69
571 254 177	12	35	74
573 248 186	2	-10	-45
592 253 187	19	17	27
578 276 199	-14	-33	-50
574 270 204	-4	10	43
549 283 205	-25	-21	-31
569 258 209	20	45	66
551 250 202	-18	-38	-83
567 250 178	16	34	72
563 256 178	-4	-20	-54
579 236 196	16	20	40
564 251 191	-15	-31	-51
579 245 216	15	30	61
557 270 217	-22	-37	-67
553 256 210	-4	18	55
542 265 213	-11	-7	-25
538 244 193	-4	7	14
536 252 178	-2	2	-5
547 229 173	11	13	11
556 231 178	9	-2	-15
580 266 193	24	15	17
560 258 206	-20	-44	-59
590 252 234	30	50	94
588 284 196	-2	-32	-82
590 274 222	2	4	36
589 299 235	-1	-3	-7
617 292 229	28	29	32
582 299 235	-35	-63	-92
588 268 241	6	41	104
595 283 229	7	1	-40
566 277 236	-29	-36	-37
574 266 219	8	37	73
561 259 221	-13	-21	-58
563 250 189	2	15	36
556 277 199	-7	-9	-24
541 243 190	-15	-8	1
536 235 178	-5	10	18
537 229 158	1	6	-4
541 228 147	4	3	-3
548 225 157	7	3	0
550 234 145	2	-5	-8
560 252 158	10	8	13
571 261 177	11	1	-7
570 267 174	-1	-12	-13
579 297 220	9	10	22
584 275 224	5	-4	-14
594 276 211	10	5	9
598 272 208	4	-6	-11
575 289 207	-23	-27	-21
585 244 217	10	33	60
585 262 188	0	-10	-43
573 262 200	-12	-12	-2
577 250 212	4	16	28
561 278 184	-16	-20	-36
569 268 202	8	24	44
558 261 183	-11	-19	-43
567 251 184	9	20	39
552 263 162	-15	-24	-44
563 245 162	11	26	50
544 269 156	-19	-30	-56
576 236 181	32	51	81
557 249 167	-19	-51	-102
544 263 172	-13	6	57
531 239 160	-13	0	-6
517 222 135	-14	-1	-1
517 222 130	0	14	15
518 209 129	1	1	-13
514 204 119	-4	-5	-6
504 198 110	-10	-6	-1
496 176 94	-8	2	8
496 176 78	0	8	6
488 186 80	-8	-8	-16
506 166 82	18	26	34
498 198 80	-8	-26	-52
501 185 87	3	11	37
507 190 79	6	3	-8
508 193 97	1	-5	-8
513 207 88	5	4	9
521 194 105	8	3	-1
516 217 119	-5	-13	-16
517 207 110	1	6	19
512 227 114	-5	-6	-12
504 208 121	-8	-3	3
502 208 88	-2	6	9
494 190 94	-8	-6	-12
506 182 98	12	20	26
507 195 83	1	-11	-31
496 197 96	-11	-12	-1
490 190 95	-6	5	17
486 190 94	-4	2	-3
477 205 87	-9	-5	-7
471 174 83	-6	3	8
476 165 57	5	11	8
489 171 56	13	8	-3
483 172 51	-6	-19	-27
479 174 58	-4	2	21
484 167 57	5	9	7
479 179 52	-5	-10	-19
486 183 74	7	12	22
478 176 69	-8	-15	-27
479 179 75	1	9	24
484 179 58	5	4	-5
482 176 65	-2	-7	-11
489 175 65	7	9	16
484 187 68	-5	-12	-21
485 171 66	1	6	18
483 176 63	-2	-3	-9
485 170 48	2	4	7
493 172 46	8	6	2
490 177 57	-3	-11	-17
493 177 62	3	6	17
488 175 60	-5	-8	-14
501 173 66	13	18	26
501 188 67	0	-13	-31
499 196 76	-2	-2	11
492 195 79	-7	-5	-3
489 179 68	-3	4	9
490 173 52	1	4	0
486 172 57	-4	-5	-9
478 164 38	-8	-4	1
479 155 39	1	9	13
476 151 36	-3	-4	-13
486 150 27	10	13	17
482 158 36	-4	-14	-27
481 165 41	-1	3	17
480 163 32	-1	0	-3
488 166 39	8	9	9
487 163 39	-1	-9	-18
489 172 47	2	3	12
495 166 46	6	4	1
494 173 55	-1	-7	-11
494 168 53	0	1	8
487 179 65	-7	-7	-8
499 180 59	12	19	26
487 190 62	-12	-24	-43
495 168 64	8	20	44
489 190 68	-6	-14	-34
507 170 56	18	24	38
487 196 60	-20	-38	-62
492 177 77	5	25	63
487 187 68	-5	-10	-35
497 172 57	10	15	25
490 193 59	-7	-17	-32
492 174 63	2	9	26
496 176 56	4	2	-7
504 188 66	8	4	2
499 187 73	-5	-13	-17
492 191 76	-7	-2	11
489 189 70	-3	4	6
497 180 61	8	11	7
497 200 68	0	-8	-19
503 188 80	6	6	14
505 206 80	2	-4	-10
510 199 87	5	3	7
506 208 91	-4	-9	-12
517 199 97	11	15	24
508 205 94	-9	-20	-35
519 199 92	11	20	40
515 206 97	-4	-15	-35
522 187 91	7	11	26
533 211 100	11	4	-7
544 223 102	11	0	-4
524 246 119	-20	-31	-31
528 236 122	4	24	55
516 220 126	-12	-16	-40
526 196 96	10	22	38
531 217 105	5	-5	-27
518 209 106	-13	-18	-13
521 199 98	3	16	34
517 208 105	-4	-7	-23
531 206 96	14	18	25
536 223 105	5	-9	-27
544 218 119	8	3	12
543 223 113	-1	-9	-12
558 231 122	15	16	25
545 245 132	-13	-28	-44
544 229 124	-1	12	40
551 239 132	7	8	-4
544 233 136	-7	-14	-22
564 224 135	20	27	41
557 237 129	-7	-27	-54
557 234 155	0	7	34
559 238 142	2	2	-5
536 237 133	-23	-25	-27
544 224 133	8	31	56
553 223 133	9	1	-30
539 246 135	-14	-23	-24
540 229 131	1	15	38
540 236 145	0	-1	-16
555 245 147	15	15	16
534 255 150	-21	-36	-51
567 223 158	33	54	90
518 263 134	-49	-82	-136
529 215 160	11	60	142
512 235 124	-17	-28	-88
532 214 125	20	37	65
525 233 119	-7	-27	-64
513 214 135	-12	-5	22
505 214 116	-8	4	9
505 200 96	0	8	4
519 190 102	14	14	6
521 216 116	2	-12	-26
526 213 117	5	3	15
519 207 112	-7	-12	-15
520 219 126	1	8	20
513 207 126	-7	-8	-16
514 217 118	1	8	16
517 233 136	3	2	-6
520 209 118	3	0	-2
530 222 135	10	7	7
551 229 135	21	11	4
550 257 160	-1	-22	-33
534 252 175	-16	-15	7
543 255 183	9	25	40
517 264 167	-26	-35	-60
511 236 162	-6	20	55
504 221 153	-7	-1	-21
506 212 129	2	9	10
491 233 123	-15	-17	-26
493 222 133	2	17	34
501 214 132	8	6	-11
500 215 127	-1	-9	-15
503 199 134	3	4	13
499 212 133	-4	-7	-11
498 219 137	-1	3	10
494 216 143	-4	-3	-6
512 198 120	18	22	25
471 231 117	-41	-59	-81
469 192 139	-2	39	98
482 183 93	13	15	-24
464 194 97	-18	-31	-46
470 190 86	6	24	55
450 182 82	-20	-26	-50
446 178 86	-4	16	42
450 156 58	4	8	-8
453 165 51	3	-1	-9
446 169 66	-7	-10	-9
459 173 64	13	20	30
458 179 60	-1	-14	-34
461 185 70	3	4	18
476 181 76	15	12	8
474 196 93	-2	-17	-29
466 194 88	-8	-6	11
461 201 103	-5	3	9
476 177 84	15	20	17
451 189 74	-25	-40	-60
457 176 79	6	31	71
450 189 71	-7	-13	-44
457 173 86	7	14	27
462 173 60	5	-2	-16
470 176 65	8	3	5
471 187 69	1	-7	-10
467 194 85	-4	-5	2
459 182 86	-8	-4	1
457 172 74	-2	6	10
466 169 61	9	11	5
483 175 70	17	8	-3
484 193 76	1	-16	-24
469 195 90	-15	-16	0
484 191 94	15	30	46
478 202 99	-6	-21	-51
470 198 88	-8	-2	19
482 182 96	12	20	22
471 205 97	-11	-23	-43
490 197 90	19	30	53
465 213 94	-25	-44	-74
465 184 101	0	25	69
460 183 85	-5	-5	-30
462 190 81	2	7	12
449 187 81	-13	-15	-22
451 170 77	2	15	30
458 171 63	7	5	-10
455 179 60	-3	-10	-15
457 180 73	2	5	15
468 169 67	11	9	4
464 192 73	-4	-15	-24
473 189 83	9	13	28
478 189 84	5	-4	-17
481 203 88	3	-2	2
464 215 108	-17	-20	-18
481 195 100	17	34	54
475 222 97	-6	-23	-57
472 199 99	-3	3	26
469 201 92	-3	0	-3
477 202 99	8	11	11
461 218 76	-16	-24	-35
461 192 88	0	16	40
461 194 86	0	0	-16
458 201 93	-3	-3	-3
466 204 79	8	11	14
469 209 85	3	-5	-16
473 212 89	4	1	6
467 206 98	-6	-10	-11
467 210 96	0	6	16
472 205 85	5	5	-1
464 204 83	-8	-13	-18
462 194 88	-2	6	19
435 209 77	-27	-25	-31
429 162 73	-6	21	46
428 155 39	-1	5	-16
425 157 34	-3	-2	-7
428 157 26	3	6	8
425 161 30	-3	-6	-12
428 157 32	3	6	12
426 164 29	-2	-5	-11
439 161 21	13	15	20
430 179 40	-9	-22	-37
438 158 33	8	17	39
437 181 45	-1	-9	-26
448 163 48	11	12	21
442 184 51	-6	-17	-29
454 176 48	12	18	35
440 184 52	-14	-26	-44
450 170 52	10	24	50
446 184 64	-4	-14	-38
443 165 57	-3	1	15
456 169 52	13	16	15
445 181 52	-11	-24	-40
448 171 60	3	14	38
440 176 43	-8	-11	-25
450 164 58	10	18	29
436 180 50	-14	-24	-42
438 174 54	2	16	40
440 164 44	2	0	-16
429 163 47	-11	-13	-13
436 151 36	7	18	31
434 164 43	-2	-9	-27
443 155 39	9	11	20
442 167 42	-1	-10	-21
446 154 45	4	5	15
449 169 43	3	-1	-6
438 165 40	-11	-14	-13
439 147 42	1	12	26
436 151 32	-3	-4	-16
437 149 30	1	4	8
435 150 27	-2	-3	-7
436 149 29	1	3	6
435 149 26	-1	-2	-5
434 147 30	-1	0	2
437 151 28	3	4	4
435 148 27	-2	-5	-9
433 144 26	-2	0	5
435 148 26	2	4	4
432 145 31	-3	-5	-9
434 148 29	2	5	10
438 154 28	4	2	-3
436 152 32	-2	-6	-8
437 153 31	1	3	9
442 151 32	5	4	1
430 156 27	-12	-17	-21
429 147 33	-1	11	28
431 140 21	2	3	-8
434 149 25	3	1	-2
443 145 26	9	6	5
431 158 29	-12	-21	-27
429 146 28	-2	10	31
424 145 21	-5	-3	-13
420 144 25	-4	1	4
419 135 17	-1	3	2
417 134 7	-2	-1	-4
416 135 11	-1	1	2
414 134 7	-2	-1	-2
414 132 8	0	2	3
414 132 4	0	0	-2
414 132 6	0	0	0
414 132 4	0	0	0
414 132 6	0	0	0
414 132 4	0	0	0
414 132 6	0	0	0
414 132 4	0	0	0
414 132 6	0	0	0
414 132 4	0	0	0
414 132 6	0	0	0
414 132 4	0	0	0
414 132 6	0	0	0
414 132 4	0	0	0
414 132 6	0	0	0
414 132 4	0	0	0
414 132 6	0	0	0
414 132 4	0	0	0
414 132 6	0	0	0
414 132 4	0	0	0
414 132 6	0	0	0
414 132 4	0	0	0
414 132 6	0	0	0
415 133 5	1	1	1
415 138 13	0	-1	-2
416 133 11	1	1	2
415 135 12	-1	-2	-3
416 137 12	1	2	4
412 136 11	-4	-5	-7
409 133 9	-3	1	6
409 130 5	0	3	2
409 128 2	0	0	-3
409 128 0	0	0	0
409 128 0	0	0	0
409 128 0	0	0	0
409 128 0	0	0	0
409 128 0	0	0	0
409 128 0	0	0	0
409 128 0	0	0	0
409 128 0	0	0	0
409 128 0	0	0	0
409 128 0	0	0	0
409 128 0	0	0	0
409 128 0	0	0	0
409 128 0	0	0	0
