30
25
31
36
28
41
53
53
48
60
54
50
49
51
50
50
41
50
50
43
30
27
32
31
25
34
41
42
51
50
48
35
28
33
33
38
46
50
54
58
53
53
42
39
49
51
52
63
58
70
47
37
38
37
46
30
25
22
19
19
15
11
20
24

26
15
23
23
28
29
37
41
42
49
45
35
33
46
50
43
45
50
36
31
36
33
27
18
16
18
36
52
51
66
54
30
28
33
40
49
52
63
65
53
48
55
53
43
53
50
47
47
53
65
47
33
31
38
40
39
16
15
16
15
16
13
21
22

23
23
21
25
24
33
35
39
35
35
32
29
26
42
42
40
42
39
34
25
37
40
27
8
15
34
48
42
46
44
42
42
31
40
49
52
56
54
50
40
52
42
60
55
45
48
46
46
54
57
52
51
48
40
39
30
14
13
16
15
6
10
22
27

17
17
21
32
39
33
33
22
24
27
25
33
42
40
42
39
39
29
29
33
37
22
30
17
20
37
48
51
53
51
46
24
20
35
51
49
57
57
49
39
45
52
49
46
44
51
49
48
50
55
60
56
51
39
32
33
16
11
5
5
10
12
12
17

18
29
31
21
29
28
23
23
29
32
31
38
28
26
37
33
21
31
36
24
24
24
26
23
36
55
51
59
59
56
48
34
33
33
32
43
52
52
48
38
32
42
34
40
47
42
58
48
57
69
64
56
54
49
38
36
20
19
13
11
16
13
21
16

27
28
30
26
20
20
24
18
26
27
30
38
31
14
30
28
26
25
20
27
29
24
18
29
34
50
59
49
60
61
42
25
33
33
29
41
44
47
37
28
39
25
34
35
40
40
40
63
55
56
70
72
51
50
42
31
39
27
28
21
12
11
14
20

19
24
26
28
20
16
19
18
22
28
30
28
27
21
22
23
24
16
18
22
19
21
21
31
42
36
50
57
51
46
28
24
29
20
28
39
31
37
22
24
28
30
32
20
21
33
59
69
93
74
65
69
59
50
62
46
43
33
36
32
23
14
15
15

22
26
24
22
18
15
10
7
17
23
24
31
31
26
22
23
29
12
20
14
11
8
20
22
33
45
43
43
36
34
29
20
14
23
24
39
31
27
28
21
16
18
21
14
30
39
59
79
95
83
71
60
56
61
52
55
45
31
48
44
38
25
11
20

20
23
13
16
12
10
8
7
9
16
16
14
18
20
25
14
27
28
22
9
6
13
10
12
17
33
37
40
39
24
22
27
27
18
17
13
22
20
28
36
28
16
15
39
62
69
63
74
86
78
71
62
69
38
47
50
37
26
43
49
37
39
25
18

24
10
16
14
11
15
12
6
12
12
7
14
9
18
8
19
24
26
18
9
11
13
10
12
20
21
33
43
32
47
23
12
19
17
25
22
21
20
24
23
31
16
36
49
67
72
65
62
76
60
85
60
56
55
43
32
32
27
40
44
41
22
22
26

13
16
16
18
15
25
14
9
4
10
13
8
10
15
18
22
23
28
22
8
8
16
17
13
18
13
20
31
40
39
22
15
14
14
12
22
18
15
23
27
29
47
44
51
55
60
57
62
68
63
58
58
57
44
51
28
25
30
27
38
34
27
20
20

28
26
24
23
31
28
29
26
6
3
9
8
17
21
30
30
35
32
25
17
12
10
9
22
16
19
29
27
36
38
30
34
27
31
22
13
16
25
27
32
51
54
49
49
54
44
59
58
53
46
44
42
44
37
34
30
29
28
38
24
30
23
21
15

33
34
34
32
27
36
28
27
16
5
6
8
13
16
26
35
39
33
29
18
12
18
16
24
18
27
13
32
25
29
42
36
35
35
32
16
14
19
23
42
54
46
50
44
43
38
49
59
53
48
41
49
26
19
22
29
39
47
46
59
38
43
27
20

51
38
31
33
33
33
29
28
12
8
2
2
11
19
30
47
47
38
44
30
28
20
24
23
22
30
23
21
24
32
44
35
39
45
24
14
17
6
12
27
35
34
37
39
39
33
30
45
31
44
34
39
22
23
26
32
45
59
55
61
63
50
54
47

59
53
39
26
36
31
28
18
11
5
3
10
15
14
38
50
42
46
45
41
25
37
26
30
24
24
25
25
24
28
29
37
38
20
22
22
16
14
17
28
25
28
34
27
37
31
26
17
29
34
57
48
44
37
39
38
54
58
53
50
68
52
52
68

58
63
39
31
22
35
23
10
7
4
14
20
20
26
39
53
65
60
61
52
41
32
35
36
36
29
22
22
23
16
23
42
22
26
16
21
15
18
23
17
25
24
22
21
18
18
20
14
35
43
47
52
52
52
57
59
56
60
54
55
56
50
60
61

60
45
34
36
17
23
18
18
18
19
24
26
29
31
43
57
56
78
81
63
47
51
50
40
43
35
28
28
23
16
33
28
20
10
16
7
11
15
10
15
12
11
11
13
9
7
10
13
21
42
45
47
45
55
49
59
52
55
57
48
42
52
65
75

57
53
34
18
16
19
20
30
29
33
32
29
52
47
41
52
76
80
81
67
56
62
63
46
32
35
22
29
21
22
14
19
19
12
17
18
8
15
12
7
6
4
5
5
0
1
8
7
12
29
23
35
47
48
46
48
62
51
54
49
59
61
62
66

52
40
34
16
15
22
26
43
25
27
33
39
58
57
56
73
78
70
73
70
63
57
67
68
43
31
22
16
16
12
19
17
27
26
19
18
16
11
9
6
4
6
4
0
1
0
5
10
10
24
21
23
26
30
46
55
49
72
56
48
51
53
69
77

59
44
43
27
31
31
30
34
49
39
37
49
61
56
61
59
73
74
74
70
66
67
70
55
55
31
23
25
19
19
19
22
34
24
30
27
23
16
0
7
6
9
5
2
1
3
2
11
8
10
25
21
28
35
28
37
42
52
45
63
72
66
75
63

74
60
56
43
40
39
34
41
22
45
41
49
58
69
66
89
85
74
87
90
81
67
78
47
44
26
27
26
18
16
20
30
21
18
21
27
24
10
5
7
17
15
5
5
2
3
1
3
14
9
13
22
20
28
30
23
31
38
47
55
60
65
74
65

79
66
54
55
54
48
37
39
29
39
47
38
44
64
70
67
80
81
91
83
70
80
69
43
36
29
32
30
22
19
18
22
20
23
22
21
12
11
9
13
13
13
8
8
7
0
2
10
16
9
10
11
17
20
24
19
21
26
39
37
63
67
76
79

73
63
54
55
54
42
39
33
51
33
45
46
45
41
52
54
72
70
83
67
66
49
60
42
28
32
32
32
25
23
22
24
22
20
20
17
10
6
15
20
15
17
12
13
5
1
6
16
13
18
19
12
8
22
24
21
11
20
39
45
53
55
71
78

52
51
46
48
40
37
43
45
47
43
61
54
60
51
63
52
47
67
68
48
52
55
44
44
34
38
32
23
20
19
26
30
30
18
14
10
6
9
13
14
15
18
17
15
9
17
13
13
18
15
17
13
17
21
18
16
12
11
17
36
48
63
63
65

50
47
38
43
30
37
42
46
53
50
50
59
72
71
58
47
51
53
52
58
56
63
50
27
39
32
29
21
12
13
25
16
23
16
11
5
6
9
14
25
23
28
29
11
9
10
17
15
17
16
14
16
14
13
17
11
12
12
16
30
50
37
64
60

44
47
42
37
28
37
47
51
61
65
73
66
62
65
60
45
43
45
41
42
61
52
48
38
45
38
21
18
13
7
19
18
25
16
11
4
6
15
21
21
37
34
20
21
14
13
17
19
18
27
20
12
12
20
8
8
13
18
17
18
26
37
47
51

39
40
40
41
41
35
54
45
55
73
71
66
62
52
50
42
46
43
47
41
52
51
59
49
34
45
19
12
15
18
16
16
21
11
0
5
7
18
22
39
36
41
29
24
16
24
19
20
30
26
22
16
10
12
11
10
13
15
18
11
25
24
35
45

38
43
39
41
28
37
33
45
50
65
67
66
51
50
21
53
46
53
50
57
42
44
45
44
42
29
27
12
19
21
23
21
15
8
6
5
19
25
42
33
35
41
30
35
23
30
23
26
18
21
17
18
18
17
16
6
16
14
13
15
24
24
37
44

28
48
38
31
37
22
32
43
48
34
47
47
38
39
35
40
55
67
44
42
42
39
42
50
38
34
21
14
16
20
14
17
15
8
4
10
27
42
49
40
40
37
35
36
35
26
18
20
13
7
8
17
14
13
13
10
9
10
13
20
18
31
31
26

26
33
38
32
27
37
31
42
51
44
40
33
39
47
35
34
55
62
59
46
36
40
42
45
36
31
34
27
13
19
15
7
11
11
7
18
44
47
55
60
40
34
45
40
30
13
13
2
8
6
12
13
10
9
7
6
4
7
6
16
21
21
23
22

22
30
22
38
41
39
32
33
39
37
39
45
60
56
51
57
53
59
65
59
39
37
50
37
28
30
27
21
18
9
6
6
9
10
17
28
36
52
64
50
52
43
33
30
23
16
7
13
16
18
15
14
9
7
3
6
2
8
8
12
11
14
20
19

30
15
24
24
38
22
25
32
32
38
52
55
40
59
77
77
59
58
58
57
55
57
49
38
37
26
15
20
16
15
4
5
11
12
31
33
34
53
46
61
55
41
45
37
29
12
4
16
23
25
20
15
10
6
4
3
7
3
6
12
12
14
16
12

26
26
19
15
23
23
26
39
34
47
49
52
57
53
79
76
85
67
71
67
67
67
62
57
44
25
32
25
16
12
5
7
13
17
25
31
48
45
53
63
57
48
47
34
25
11
6
14
22
27
16
11
14
11
9
4
4
2
3
10
15
16
14
19

20
23
15
17
21
28
35
38
38
49
60
57
58
62
72
77
83
71
89
77
65
64
56
61
47
47
37
43
37
27
19
19
19
35
35
36
45
66
58
60
52
48
48
41
29
16
12
14
15
16
16
13
14
18
18
7
2
2
1
4
8
15
13
21

27
17
15
17
25
37
37
51
57
52
61
58
60
65
76
67
72
97
95
90
82
62
65
59
74
55
61
54
52
53
29
24
43
33
28
34
48
50
65
59
62
60
48
37
29
19
16
18
18
15
16
25
12
18
13
8
2
1
1
0
11
9
25
22

37
23
18
14
27
44
39
60
57
68
67
65
79
71
76
91
88
92
86
77
75
60
60
65
73
71
47
61
57
48
34
43
48
35
39
48
43
48
61
63
54
50
45
44
26
21
11
19
11
19
11
12
19
17
13
9
3
0
1
5
11
18
26
27

44
29
25
17
28
35
44
41
64
76
58
69
59
81
76
85
91
94
89
73
65
76
72
72
78
67
63
61
44
46
29
39
50
58
62
71
80
49
51
67
74
59
42
44
42
23
19
21
20
17
13
17
8
17
10
5
3
0
1
8
13
18
43
47

53
52
30
22
35
47
50
51
65
69
76
58
69
70
70
76
93
101
77
71
73
68
70
72
59
75
70
77
50
37
26
36
45
58
56
66
64
62
68
78
60
58
37
29
33
21
24
31
25
19
25
15
9
10
6
4
3
1
10
15
19
32
40
52

43
44
36
35
30
43
43
62
74
84
76
62
70
75
84
93
93
84
85
66
67
79
76
75
65
66
74
58
33
36
29
29
37
47
44
55
57
76
81
74
60
59
36
40
26
36
27
25
26
23
20
10
17
19
5
1
7
10
19
19
24
30
28
52

35
41
34
30
42
49
51
53
65
75
60
51
57
71
75
84
92
97
74
78
73
68
72
73
75
84
77
57
39
28
20
31
35
51
59
60
74
90
84
77
68
56
47
48
45
38
28
37
45
28
23
21
17
15
11
6
6
8
20
19
31
37
34
38

37
45
38
59
57
44
49
43
53
47
46
48
63
58
68
88
94
82
87
83
67
80
89
71
81
73
67
58
34
22
10
30
40
49
58
64
86
86
102
74
68
59
42
35
44
48
31
41
38
23
26
17
20
13
9
0
4
13
17
19
32
33
48
41

41
44
47
63
53
53
63
59
41
37
36
43
46
64
67
72
93
76
68
61
65
71
63
82
78
73
57
55
35
24
28
37
42
47
51
72
85
87
82
78
72
58
48
46
49
48
32
42
30
38
25
21
15
9
5
5
2
6
18
23
29
41
47
52

38
39
59
52
52
50
61
46
42
24
29
31
26
42
49
75
90
81
69
77
69
61
84
72
77
79
57
65
42
38
47
50
56
60
52
53
67
69
78
69
66
59
57
45
39
37
42
30
28
21
25
9
11
7
5
7
0
0
6
15
21
40
49
41

44
46
47
47
57
63
73
68
42
26
18
14
27
31
64
80
92
89
87
81
73
71
70
87
80
75
63
66
51
44
49
56
74
71
56
54
51
67
58
61
63
60
40
38
36
34
42
28
22
21
24
12
15
11
10
8
4
0
4
16
26
24
45
43

49
41
45
55
54
74
64
52
45
43
39
23
19
40
48
72
84
109
94
93
88
81
73
75
83
75
72
70
57
45
42
67
61
57
59
52
36
39
40
48
44
44
41
45
35
42
32
21
28
34
16
9
18
13
14
8
6
12
11
16
21
25
36
40

26
34
45
52
63
67
64
49
42
40
35
21
33
51
57
69
74
100
107
111
97
91
73
75
70
67
62
72
68
47
50
51
55
55
56
45
41
55
38
36
49
39
51
43
37
36
29
24
26
26
25
25
23
18
11
3
9
13
14
20
30
28
24
37

32
33
47
50
57
60
42
45
45
41
20
28
40
45
57
57
63
80
95
105
111
98
94
81
73
76
67
75
82
75
40
46
51
44
56
46
34
41
33
49
42
57
46
43
31
31
27
26
29
33
23
21
20
12
6
4
11
19
17
17
18
21
26
29

44
41
44
52
56
47
41
44
37
24
32
31
33
45
53
61
72
67
87
96
97
99
93
72
62
65
68
65
88
78
70
55
50
48
34
46
43
40
46
49
49
60
56
49
45
43
38
33
33
37
25
24
30
19
8
9
15
16
17
21
20
20
30
37

40
50
42
47
50
42
36
34
36
35
31
30
43
51
71
64
69
60
71
74
74
88
66
54
45
59
68
71
95
83
78
49
35
36
42
53
44
47
42
51
48
60
66
48
45
41
51
41
39
38
31
34
34
25
13
17
21
22
22
11
22
22
29
32

31
32
37
56
40
48
52
52
39
34
38
40
49
57
79
84
74
64
55
62
66
69
73
61
55
71
75
74
91
94
71
59
29
35
40
47
46
43
42
46
61
50
63
50
42
31
43
39
30
39
54
56
42
36
28
31
30
26
31
19
17
14
24
33

25
26
38
54
52
56
55
59
56
48
63
53
55
70
76
72
66
49
47
44
50
69
68
67
71
79
70
75
88
82
74
61
37
34
31
37
39
32
40
47
47
52
55
38
45
52
54
44
46
48
59
56
57
52
50
43
48
45
25
29
13
17
26
26

35
42
43
47
52
75
72
74
62
77
67
52
73
67
78
72
47
54
50
51
65
69
74
84
75
65
82
86
79
73
60
52
36
38
31
35
26
27
19
36
47
51
50
53
49
60
74
68
50
60
67
63
51
44
53
57
57
50
42
24
29
30
36
39

40
33
48
60
60
83
72
79
85
66
75
70
46
62
72
54
47
53
51
58
71
60
82
82
78
80
73
80
67
66
50
44
36
46
38
34
38
31
35
37
40
46
53
61
65
79
69
65
59
64
67
66
68
57
51
62
68
52
42
43
33
39
44
54

42
40
49
62
57
77
78
71
73
83
95
82
68
60
61
49
43
42
61
69
68
69
71
73
77
71
77
81
60
59
51
41
37
36
31
39
41
47
52
40
42
60
62
66
70
65
74
66
75
84
85
57
57
59
48
46
58
49
41
43
30
37
45
45

43
46
49
62
58
71
74
76
86
86
96
81
66
62
54
51
42
41
57
65
57
55
66
68
70
64
54
78
80
59
49
34
33
32
30
33
44
52
51
55
61
58
70
84
79
80
79
72
80
75
76
63
52
39
47
54
41
32
29
36
30
37
34
34

42
41
53
56
56
81
76
89
89
101
109
93
62
68
53
54
54
46
52
56
56
67
73
66
54
58
48
68
76
69
52
45
40
33
30
27
39
47
47
53
56
71
77
80
80
84
74
86
71
71
70
62
45
35
34
47
38
22
17
25
25
34
27
37

37
49
54
60
67
71
81
84
90
100
84
87
77
60
55
52
53
45
75
50
67
65
59
64
77
79
54
75
76
60
66
56
46
39
35
36
40
46
54
51
66
68
87
87
98
84
84
71
77
71
65
49
59
50
40
36
27
19
9
13
26
27
31
39

42
49
62
77
59
64
70
81
87
102
85
88
91
70
55
49
48
50
46
57
59
58
66
60
76
86
78
80
57
56
49
50
48
44
30
35
38
52
47
50
55
70
85
93
97
91
88
68
65
67
60
70
60
57
48
25
21
19
16
16
25
24
37
33

42
46
55
76
48
63
57
74
78
98
81
96
85
65
46
56
46
53
53
37
51
55
62
68
93
100
80
69
70
59
50
49
37
39
31
26
41
40
54
47
36
71
72
91
105
92
82
61
68
59
60
54
67
62
44
29
31
29
26
13
24
34
39
36

45
44
56
56
51
63
60
69
79
97
86
85
67
67
52
43
48
44
42
42
38
41
56
79
83
99
78
69
64
56
49
58
44
31
32
37
43
38
28
31
42
46
77
87
84
73
68
53
61
64
56
58
52
55
50
27
33
32
26
22
15
19
28
24

45
47
51
58
67
52
67
67
75
93
83
64
69
59
54
60
43
39
28
41
29
43
59
66
77
82
77
83
87
70
63
41
37
35
43
44
40
34
31
21
35
51
67
91
56
62
51
48
62
60
42
60
48
39
46
29
33
22
19
22
18
13
22
29

35
57
50
55
57
63
51
63
81
79
65
65
63
55
70
43
34
36
41
29
40
37
50
66
71
60
81
73
83
68
61
50
37
40
42
42
47
32
25
24
30
39
50
58
49
55
69
51
57
53
52
55
54
46
43
36
26
22
25
28
26
32
18
21

33
35
35
52
49
55
52
57
69
55
54
54
55
72
56
49
52
47
37
27
28
37
49
44
59
55
75
80
55
54
49
44
40
54
33
42
35
39
39
33
35
33
45
46
39
45
54
57
47
47
62
65
53
53
43
28
28
25
28
30
32
21
20
13

12
25
27
24
42
50
48
53
66
67
52
57
53
52
42
42
41
48
55
36
33
25
34
37
29
46
68
60
55
56
45
49
40
33
37
41
42
48
39
33
28
39
37
41
40
44
58
55
62
58
53
53
52
55
44
37
32
26
23
25
26
15
15
25

