2 1.99
3.73778 1.21121
2.0921 0.817836
1.63302 1.63233
3.56737 1.69588
2.62178 0.783198
1.56161 1.26278
2.80503 2.06626
3.24479 0.884063
1.70922 0.988518
2.05864 2.01416
3.71318 1.17059
2.04853 0.828425
1.65621 1.67131
3.6153 1.64493
2.56285 0.782116
1.55974 1.29624
2.88942 2.04506
3.18327 0.86781
1.68754 1.01104
2.11858 2.03541
3.68348 1.13387
2.00876 0.839837
1.68167 1.70817
3.65353 1.59587
2.50805 0.782516
1.56045 1.32891
2.96881 2.02037
3.12405 0.854294
1.66921 1.03348
2.17847 2.05197
3.65024 1.10155
1.97338 0.851766
1.70866 1.74195
3.68178 1.55019
2.45855 0.784256
1.56357 1.35986
3.04063 1.9936
3.07086 0.843674
1.65474 1.05423
2.2339 2.06354
3.61712 1.07487
1.94385 0.863205
1.73486 1.77073
3.70032 1.5108
2.41683 0.786854
1.56829 1.38706
3.10079 1.96762
3.02332 0.835792
