8280 8099
4334 6524
5783 10215
5609 8110
5929 7753
5720 7729
5815 7288
6188 7220
6343 7196
6394 7315
6451 7335
6445 7232
6447 7363
6435 7410
6483 7482
6460 7456
6447 7526
6411 7437
6539 7383
6563 7525
6640 7422
6706 7442
6828 7496
6811 7565
6868 7624
6981 7580
6968 7593
7058 7728
7056 7800
7090 7886
7076 7922
7039 7977
7024 7966
7004 7968
7032 7950
6965 7926
7115 7981
7288 8107
7155 8146
7315 8112
7235 8094
7324 8194
7284 8263
7256 8256
7239 8322
7321 8361
7287 8404
7349 8449
7321 8483
7274 8502
7397 8487
7445 8433
7576 8564
7583 8591
7471 8637
7617 8838
7597 8726
7603 8890
7668 8881
7715 8894
7663 8938
7545 8984
7449 8924
7427 8875
7434 8841
7391 8856
7339 8802
7366 8841
7457 8766
7431 8832
7506 8896
7456 8868
7445 8924
7481 9005
7428 8829
7515 8897
7396 8918
7406 8891
7328 8823
7400 8837
7388 8826
7367 8835
7290 8779
7318 8820
7336 8762
7365 8758
7392 8802
7360 8683
7298 8672
7359 8770
7346 8789
7229 8823
7203 8772
7238 8831
7278 8792
7310 8796
7276 8719
7395 8752
7403 8776
7425 8738
7473 8974
7415 8959
7355 8874
7359 8918
7404 8987
7499 9049
7473 8995
7442 8886
7481 8871
7516 8855
7481 8922
7377 8936
7446 8958
7427 8919
7377 8989
7511 9066
7448 8997
7510 8943
7597 9001
7495 8898
7433 8947
7486 9033
7386 8919
7437 8904
7538 9031
7544 9016
7524 9061
7445 9110
7550 9187
7347 9087
7306 9056
7328 9107
7360 8988
7318 8977
7351 9037
7264 9039
7287 8969
7445 8952
7442 8918
7371 8908
7396 8947
7356 8888
7309 8908
7462 8932
7383 8806
7404 8879
7286 8919
7399 8938
7292 8839
7340 8946
7264 8899
7345 8790
7441 8734
7503 8848
7562 8885
7564 8946
7530 8942
7540 9044
7578 9125
7503 9213
7303 9196
7318 9068
7356 8996
7403 9081
7258 9165
7104 9045
7120 8904
7184 8830
7369 8777
7483 8846
7492 8929
7447 8869
7345 8887
7381 9001
7376 8942
7372 8883
7417 8780
7584 8830
7588 8857
7567 8961
7469 9060
7268 8995
7297 9050
7279 9013
7394 8914
7419 8944
7495 8952
7543 8949
7521 8964
7539 9049
7475 9123
7443 9090
7585 9061
7606 9120
7566 9179
7620 9168
7608 9223
7514 9218
7512 9167
7566 9210
7509 9192
7516 9117
7623 9216
7636 9223
7542 9233
7572 9197
7537 9189
7662 9185
7643 9154
7650 9149
7590 9218
7432 9200
7411 9231
7378 9236
7354 9100
7393 9074
7450 9126
7455 9105
7415 9068
7443 9118
7375 9130
7373 9064
7327 8916
7380 8906
7382 8903
7480 8883
7443 9055
7401 9050
7431 9026
7448 8965
7457 8948
7511 9020
7472 8975
7534 8965
7572 8989
7602 9091
7535 9074
7525 9078
7542 9162
7547 9125
7434 9079
7470 9161
7408 9014
7540 9036
7550 9012
7472 9047
7435 9098
7404 9086
7349 8962
7386 8927
7408 8995
7411 9079
7370 8918
7307 8832
7472 8969
7413 9000
7343 8965
7243 8895
7408 8888
7370 8816
7455 8873
7448 9018
7459 9100
7337 9030
7363 8979
7481 9013
7418 8947
7484 8927
7453 8977
7384 9027
7429 9056
7544 8994
7455 9027
7495 9068
7494 9159
7332 9115
7297 8998
7363 8912
7367 8952
7326 9039
7348 8990
7363 8892
7384 8854
7500 8859
7484 8844
7502 9075
7476 9054
7402 8979
7343 8883
7398 8949
7439 8945
7449 8890
7553 8875
7631 8905
7597 8931
7357 9016
7402 8999
7408 8993
7336 9026
7368 8998
7491 9031
7525 9096
7543 9154
7394 9029
7454 8979
7543 9086
7409 9187
7421 9113
7399 9011
7314 8981
7517 8954
7523 8903
7537 8963
7469 8949
7529 8905
7573 9003
7466 9012
7488 9087
7557 9059
7570 8996
7664 9155
7568 9114
7566 9097
7643 9231
7626 9176
7642 9210
7668 9219
7613 9077
7522 9199
7673 9202
7637 9148
7478 9145
7525 9167
7496 9205
7428 9147
7465 9112
7438 9095
7569 9134
7514 9115
7526 9136
7519 9126
7535 9100
7527 9183
7497 9168
7453 9048
7537 9049
7506 9098
7619 9078
7641 9222
7553 9195
7460 9154
7488 9101
7558 9132
7560 9135
7611 9116
7569 9222
7579 9238
7488 9226
7596 9162
7650 9237
7574 9215
7457 9329
7399 9247
7426 9126
7519 9075
7538 9182
7552 9283
7414 9196
7494 9217
7609 9077
7640 9020
7698 9076
7688 9153
7651 9249
7513 9210
7548 9225
7541 9143
7627 9136
7735 9240
7623 9264
7544 9263
7503 9098
7522 9047
7561 9158
7537 9227
7391 9100
7394 9154
7418 9157
7518 9039
7609 9172
7636 9244
7582 9186
7559 9201
7532 9196
7460 9148
7435 9143
7486 9126
7478 9118
7412 9059
7439 9096
