130659 131339
149554 123046
196487 141212
216297 132905
170852 126027
173606 141679
205169 131134
219359 132399
177662 129340
174852 135575
206759 131563
219878 134220
179960 129025
175951 133323
207457 130384
220070 133568
180694 128790
176505 133137
207831 129798
220218 132847
180982 128691
176774 133034
207954 129507
220290 132856
181083 128568
176864 132759
207989 129461
220317 132843
181116 128525
176902 132909
208005 129368
220334 132615
181134 128576
176913 132897
208006 129338
220335 132816
181137 128532
176916 132728
208008 129390
220337 132793
181141 128510
176919 132888
208008 129353
220338 132625
181141 128564
176919 132928
208007 129338
220339 132768
181142 128536
176919 132725
208006 129363
220339 132809
181143 128528
176920 132898
208006 129352
220339 132615
181143 128564
176920 132902
208006 129333
220339 132806
181143 128523
176920 132721
208006 129384
220339 132789
181143 128519
176920 132902
208006 129344
220339 132619
181143 128572
176920 132924
208006 129326
220339 132770
181143 128539
176920 132717
208006 129372
220339 132829
181143 128518
176920 132888
208006 129357
220339 132610
181143 128553
176920 132905
208006 129334
220339 132794
181143 128538
176920 132743
208006 129376
220339 132783
181143 128524
176920 132894
208006 129336
220339 132626
181143 128569
176920 132911
208006 129338
220339 132788
181143 128531
176920 132713
208006 129375
220339 132818
