1 1
0.990066 0.999502
0.980328 0.998022
0.970876 0.995587
0.9618 0.992238
0.953164 0.988023
0.945042 0.982999
0.937495 0.977233
0.930574 0.970798
0.924329 0.963776
0.918795 0.956241
0.914003 0.948276
0.910009 0.939829
0.906765 0.931249
0.904314 0.922487
0.902664 0.913622
0.901815 0.904732
0.901768 0.89589
0.902518 0.887166
0.904546 0.878546
0.906858 0.870253
0.909914 0.862272
0.91369 0.854659
0.91816 0.847467
0.923293 0.840745
0.929058 0.834538
0.935421 0.82889
0.94315 0.823917
0.950571 0.819485
0.958445 0.815704
0.966718 0.812599
0.97533 0.810194
0.98422 0.808512
0.993321 0.807574
1.00291 0.807456
1.01222 0.808039
1.02153 0.809375
1.03075 0.811463
1.03981 0.814298
1.04861 0.817873
1.05707 0.822179
1.06508 0.827203
1.07205 0.832435
1.07895 0.838794
1.08518 0.845755
1.09067 0.85327
1.09535 0.861284
1.09915 0.869735
1.10201 0.878551
1.1038 0.886574
1.10465 0.895894
1.10446 0.905349
1.10323 0.914849
1.10095 0.924297
1.09767 0.933587
1.09341 0.94261
1.08824 0.951246
1.08383 0.960861
1.077 0.968454
1.06943 0.975405
1.06118 0.981634
1.05237 0.987071
1.04307 0.991665
1.03339 0.995379
1.0229 0.999608
1.01279 1.00145
1.00264 1.00229
0.992547 1.00211
0.982625 1.00091
0.972961 0.998718
0.963632 0.995563
0.954698 0.991501
0.944472 0.985784
0.936601 0.980061
0.929386 0.973602
0.922882 0.966489
0.917127 0.958811
0.912148 0.950661
0.907953 0.942139
0.904434 0.932248
0.901825 0.923274
0.900029 0.91422
0.899041 0.90517
0.898856 0.896199
0.899472 0.887363
0.900896 0.878698
0.903145 0.870213
0.910602 0.862991
0.914394 0.855069
0.918886 0.847545
0.924048 0.840476
0.929849 0.833928
0.936258 0.82798
0.943243 0.822736
0.951735 0.819945
0.959736 0.816285
0.968151 0.813346
0.976915 0.81114
0.985951 0.809673
0.99517 0.808949
1.00447 0.808965
1.01372 0.809715
1.02392 0.810325
1.03291 0.812527
1.04169 0.815443
1.0502 0.819066
1.05836 0.823389
1.0661 0.828407
1.07337 0.83412
1.07823 0.842077
1.08434 0.849115
1.08973 0.856722
1.09434 0.86484
1.09808 0.873402
1.10086 0.882322
1.10258 0.891497
1.10316 0.900798
1.10242 0.907436
1.1007 0.91677
1.09791 0.926015
1.09408 0.935067
1.08929 0.943817
1.08364 0.952151
1.07729 0.959949
1.07318 0.97252
1.06574 0.978953
1.05779 0.984623
1.04939 0.989474
1.04062 0.993472
1.03151 0.996608
1.02206 0.998905
1.01222 1.00042
1.0009 1.00114
0.990719 1.00094
0.980657 0.999786
0.970824 0.997669
0.96134 0.994581
0.95233 0.990518
0.944966 0.986792
0.937225 0.980843
0.930174 0.974108
0.923862 0.966685
0.918314 0.958693
0.913534 0.95028
0.909497 0.941618
0.902903 0.93185
0.900326 0.923078
0.898557 0.914272
0.897596 0.90549
0.897439 0.896764
0.898084 0.888095
0.899527 0.879443
0.903562 0.869941
0.906557 0.861477
0.910289 0.85332
0.914742 0.845546
0.919904 0.838246
0.925768 0.831519
0.932331 0.825487
0.938684 0.8207
0.94647 0.81612
0.954748 0.812248
0.963449 0.809096
0.972495 0.806665
0.981803 0.804945
0.992431 0.802889
1.002 0.802554
1.01163 0.802958
1.02124 0.804109
1.03077 0.806021
1.04016 0.808715
1.04938 0.81222
1.05809 0.816917
1.06672 0.822053
1.07487 0.827913
1.08245 0.834465
1.08934 0.841671
1.09544 0.849484
1.10063 0.857854
1.10404 0.865432
1.10722 0.874717
1.10936 0.884343
1.11043 0.894221
1.11042 0.904251
1.10931 0.914325
1.10714 0.924324
1.10497 0.93451
1.10069 0.944063
1.09541 0.953256
1.08916 0.961991
1.08202 0.970173
1.07407 0.977715
1.06539 0.984537
1.05665 0.991337
1.04682 0.996461
1.03656 1.00063
1.026 1.00378
1.01527 1.00587
1.00449 1.00689
0.993667 1.00733
0.983168 1.00615
