520
579
706
792
800
871
1000
1095
1110
1176
1320
1422
1443
1529
1671
1785
1811
1901
2060
2179
2222
2318
2481
2605
2650
2753
2925
3064
3114
3235
3409
3555
3617
3732
3929
4071
4148
4276
4466
4630
4702
4841
5047
5215
5303
5451
5661
5834
5926
6075
6296
6482
6585
6752
6976
7167
7276
7441
7681
7878
7997
8176
8416
8625
8748
8933
9188
9402
9542
9733
9993
10213
10353
10553
10820
11055
11200
11419
11688
11932
12091
12300
12593
12832
13003
13230
13516
13774
13943
14177
14479
14744
14928
15170
15476
15744
15933
16178
16497
16777
16977
17239
17559
17847
18051
18314
18649
18943
19158
19433
19767
20075
20291
20492
20677
21067
21057
21398
21580
21845
21989
22144
22473
22609
22837
22940
23279
23410
23613
23721
24032
24180
24348
24477
24759
24909
25061
25181
25463
25604
25754
25865
26137
26263
26404
26502
26771
26892
27028
27125
27377
27494
27617
27700
27954
28056
28174
28256
28490
28594
28697
28768
29004
29093
29201
29262
29487
29565
29656
29707
29923
30002
30083
30138
30343
30409
30488
30518
30726
30779
30853
30883
31072
31124
31180
31206
31391
31436
31489
31505
31679
31713
31757
31759
31931
31956
31994
31998
32154
32174
32203
32187
32347
32352
32375
32360
32498
32505
32513
32487
32628
32621
32632
32598
32726
32708
32702
32659
32778
32763
32749
32706
32815
32786
32760
32704
32911
32605
32809
32819
32707
32775
32769
32806
32832
32661
32800
32705
32933
32626
32885
32600
33022
32478
32890
32411
33146
32350
33080
32224
33295
32206
33277
32032
33463
31991
33500
31801
33686
31757
33767
31554
33950
31487
34035
31261
34237
31186
34345
30952
34566
30855
34691
30594
34928
30483
35067
30218
35313
30090
35466
29799
35736
29658
35910
29359
36195
29196
36379
28871
36673
28700
36878
28372
37196
28177
37415
27822
37746
27618
37979
27254
38323
27029
38575
26643
38943
26406
39214
26011
39590
25752
39868
25333
40262
25065
40561
24639
40973
24350
41292
23896
41721
23594
42050
23139
42489
22818
42833
22335
43294
22004
43663
21512
44139
21156
44513
20639
45002
20281
45408
19758
45901
19354
46304
18797
46838
18423
47192
18033
47657
17741
47873
17411
48314
17224
48471
16874
48757
16729
48927
16459
49121
16395
49226
16169
49422
16123
49469
15964
49586
15983
49582
15882
49645
15944
49591
15882
49616
15999
49522
15991
49495
16148
49343
16181
49267
16393
49076
16484
48953
16739
48710
16867
48540
17172
48246
17357
48025
17709
47687
17933
47422
18336
47039
18619
46724
19064
46284
19385
45917
19887
45434
20265
45027
20806
44500
21221
44042
21816
43462
22290
42950
22928
42320
23443
41770
24135
41099
24702
40493
25436
39767
26044
39116
26831
38346
27500
37648
28331
36830
29034
36083
29917
35215
30679
34418
31606
33502
32406
32664
33388
31690
34159
32002
32734
31807
34711
31565
32826
32299
34219
31547
32930
33015
33501
31057
32620
33750
33174
31392
32621
33143
32943
31898
32603
34105
32693
31764
32297
33952
32744
32368
31412
34967
32101
32573
32635
33931
31648
33334
32450
32961
32351
32933
32490
33293
32353
32457
33056
32493
33062
32620
32929
32411
33464
31676
34193
31050
34757
30442
35417
29851
35929
29337
36474
28798
36975
28339
37399
27883
37892
27452
38226
27116
38669
26703
38930
26462
39282
26071
39534
25895
39809
25595
39982
25496
40161
25278
40268
25231
40406
25054
40460
25056
40545
24940
40556
24997
40601
24919
40558
25011
40545
24981
40460
25130
40409
25155
40272
25354
40161
25424
39977
25664
39831
25777
39597
26066
39393
26232
39116
26578
38869
26797
38532
27189
38219
27454
37833
27905
37519
28168
37121
28649
36723
28989
36299
29483
35807
29563
36239
29183
35447
30456
35984
28856
36294
29950
35079
28652
37471
28725
35722
29494
37234
27667
36381
28620
37073
27196
37515
28064
37009
26991
38631
26739
37671
27187
39017
26278
38595
26896
39327
25174
39610
26347
38678
25284
39537
25375
39252
25861
39683
25380
39403
25631
39685
25695
39162
26051
38966
26406
38542
26715
38239
26982
37941
27408
37693
27586
37342
27939
37139
28122
36828
28517
36636
28696
36320
28977
36122
29176
35880
29499
35659
29617
35397
29930
35247
30102
35025
30380
34857
30496
34628
30748
34489
30879
34298
31126
34159
31218
33985
31468
33898
31544
33718
31749
33626
31814
33468
32024
33404
32073
33260
32261
33204
32287
33073
32454
33062
32448
32896
32655
32943
32542
32753
32647
32835
32597
32689
32693
32735
32668
32604
32718
32838
32709
32634
32759
32885
32697
32601
32720
32813
32722
32716
32838
32824
32727
32732
32878
32875
32585
32602
32975
32955
32505
32544
32976
32982
32618
32641
32881
32792
32600
32844
33003
32773
32642
32840
32879
32760
32635
32809
32791
32632
32698
32667
32567
32803
32820
32815
32654
32711
32730
32741
32663
32686
32643
32683
32611
32733
32759
32803
32612
32683
32744
32560
32597
32666
32479
32546
32548
32641
32513
32517
32423
32580
32578
32578
32513
32641
32569
32481
32527
32617
32456
32583
32497
32527
32454
32422
32412
32469
32347
32378
32401
32409
32327
32192
32333
32368
32229
32259
32280
32271
32144
32121
32255
32150
32048
32106
32193
32127
32169
32153
32319
32331
32294
32311
32378
32420
32327
32257
32451
32373
32247
32250
32299
32132
32289
32328
32344
32336
32500
32420
32587
32644
32799
32404
32888
32797
32863
32485
33598
33569
33628
33265
33725
33974
34505
34227
35088
34590
34240
34775
35295
34822
34290
34136
35020
35281
35100
34590
35119
34571
34611
35132
36519
35702
34611
33884
35169
35668
34752
34400
35720
35814
35192
34758
35242
34974
34837
34091
34305
34543
34559
33480
32852
33251
33556
33200
33139
32675
32446
32844
32850
32589
32206
32277
31987
31743
32161
32638
32456
32017
31883
32030
32211
32460
32787
32449
32263
32418
32766
32783
32442
32519
32620
32720
32785
32534
32340
32478
32498
32363
32480
32766
32855
32886
32923
33061
33252
33333
33407
33544
33634
33627
33634
33547
33592
33496
33651
33729
33305
33131
33309
33351
32981
32841
33021
33140
32944
32733
32617
32904
32785
32453
32612
33074
33085
32537
32407
32898
32928
32826
32760
32689
32881
33036
32786
32587
32938
32917
32808
32840
33070
32935
32845
33048
32810
32591
32794
33295
33037
32593
32789
33199
33005
32433
32388
33204
33123
32292
32550
33448
33231
32030
32047
33228
33322
32390
32033
32916
33732
32558
31989
32825
33595
32816
32266
32784
33170
32716
32060
32800
33476
32990
32090
32655
33328
32757
32361
32573
33176
32970
32373
32423
33180
33071
32281
32456
33313
33004
32194
32548
33201
32858
32136
32201
33021
33106
32564
32479
32577
32952
33125
32475
32306
33251
33158
32308
32369
32916
33118
32476
31999
33065
33386
32287
32334
33066
33177
32748
32390
32712
33359
32746
31940
32764
33707
32939
31981
32603
33477
33218
32201
32127
33198
33526
32632
31891
32700
33826
32964
31775
32560
33931
32858
31963
32875
33376
32793
32179
32917
33265
32857
32221
32278
33054
33330
32582
32011
32852
33380
32397
32282
33110
33302
32225
32123
33624
33556
32099
31779
33251
33766
32359
31784
33258
33473
32257
32209
33092
32991
32726
32544
32874
32987
32714
32435
32748
33054
32671
32689
32851
32694
32689
32965
32890
32366
32281
33154
33201
32350
32338
32907
33242
32643
32103
32563
33610
32961
31738
32657
34004
32749
31569
32908
33763
32595
31847
32939
33951
32536
31488
33196
34022
32535
31617
33158
33719
32282
31692
33273
33767
32106
31949
33440
33466
31862
32142
33598
33334
31724
32290
33707
33196
31624
32383
34135
33186
31484
32390
33912
33200
31758
32239
33851
33509
31480
31915
33995
33661
31790
31924
33885
33476
31755
31922
33849
33745
31938
31706
33504
33672
32240
31775
33046
33736
32396
31906
33313
33371
32168
32151
33255
33305
32119
32410
33061
33081
32276
32452
33299
33389
32145
32061
33251
33511
32468
31968
32970
33659
32574
31770
32788
33961
32832
31534
32497
34356
33085
31213
32540
34120
32735
31714
32514
33866
32846
31514
32836
34151
32818
31285
32520
34213
33314
31458
31840
33916
33763
31584
31830
33837
33767
31710
31779
33814
33794
31981
31829
33254
33675
32236
31675
33523
34024
32121
31237
33484
34539
32053
30859
33378
34330
32211
31243
33419
34327
32153
31202
33435
34181
32103
31435
33330
34042
32665
31532
32619
33781
32977
31667
32809
33668
32830
32139
32598
33252
32952
32212
32443
33390
33121
32178
32277
33376
33426
32079
32021
33528
33770
32012
31751
33499
33771
32156
31637
33306
33905
32380
31543
33293
33961
32252
31691
33204
33861
32483
31548
32878
34002
32607
31290
32783
34288
32762
31131
32663
34564
32603
30876
32881
34907
32643
30734
32983
34860
32673
30506
32578
34876
32815
30760
32733
34604
32945
31008
32700
34582
32666
31313
32778
34178
32836
31771
32665
33684
33170
31920
32420
33608
32913
31736
32822
33893
32553
31739
33089
33775
32345
31729
33230
33674
32473
31863
32909
33446
32529
32189
33243
33245
32455
32322
33018
33584
32435
31813
33043
33615
32637
31915
32911
33487
32520
32189
32895
33466
32557
31926
32889
33811
32662
31520
32940
33971
32769
31561
32648
33897
33123
31762
32394
33761
33161
31664
32159
33758
33614
31948
31822
33776
33707
31778
31745
33753
33723
31732
31925
33938
33556
31710
32230
33812
33034
31826
32257
33582
33271
31951
32542
33728
33236
31946
32351
33449
33121
32125
32729
33051
32741
32817
33038
32199
32516
33315
32954
32009
32463
33604
32984
31923
32572
33445
32772
31833
32820
33762
32844
31883
32579
33583
32944
32029
32700
33275
32615
32470
33024
32906
32559
32625
32518
32662
32935
33088
32634
32338
32627
32986
32789
33006
32826
32396
32739
33139
32612
32326
33018
33316
32438
32199
33213
33522
32489
31922
33052
33792
32375
31842
33079
33788
32421
31824
33428
33552
31724
31979
33834
33208
31875
32271
33740
33096
31217
32432
34231
33202
31340
32229
34242
33155
31394
32176
33884
33697
31852
31535
33510
34169
31879
31446
33620
33904
31751
31485
33651
34165
31958
31344
33616
34317
31933
31243
33568
34343
32288
31208
33090
34324
32415
31102
32887
34810
32734
30632
32770
34977
32926
30767
32722
34603
32834
31155
32581
34562
32829
30989
32574
34605
33109
31111
32498
34294
33216
31442
32583
34375
32875
31016
32625
34725
32723
31058
32786
34745
33026
30890
32058
34379
33709
31364
31855
34086
33683
31589
31909
34021
33688
31544
32016
34053
33440
31668
32011
33828
33625
31788
31282
33779
34231
31706
31159
33863
34425
31642
31537
33843
33929
31707
31572
34066
34085
31505
31258
34309
34390
31034
31196
34521
34092
31063
31266
34362
34567
31045
30750
34523
35025
30984
30366
34386
35193
31078
30315
34402
35211
30956
30381
34856
35369
30529
30266
35002
35395
30536
30090
35014
35570
30513
30006
34834
35577
30920
30109
34430
35488
31134
29811
34237
35903
31192
29463
34236
35954
31349
29500
34368
36214
31134
29112
34774
36461
30560
29071
35021
36450
30406
29337
35148
36162
30436
29537
34986
36231
30403
29190
35227
36338
30249
29020
35178
36403
30351
28971
35326
36630
30100
28870
35614
36777
29992
28976
35627
36505
30049
28981
35629
36560
29814
28835
35648
36659
29654
28952
35770
36656
30115
28740
35380
36731
30254
28882
35424
36580
30294
29050
35049
36503
30723
28932
34627
36654
30614
29013
34814
36512
30912
29286
34617
36575
31071
29088
34455
36325
31053
29064
34402
36541
31234
28662
34451
36887
31012
28421
34755
37168
31114
28360
34386
37320
31325
27931
34032
37537
31754
27902
33332
37805
32183
27736
33559
37981
32275
27400
32971
38009
32901
27681
32193
37566
33628
27896
31813
37704
34020
27877
31386
37704
34279
28027
31685
37528
33653
28199
31941
37344
33434
28087
32009
37633
33473
27857
32087
37514
33411
28296
32278
36816
33174
28807
32300
36670
33520
28992
31745
36460
33805
29110
31342
36604
34259
28966
31311
36574
34458
29271
31362
36311
34565
29413
30764
36027
34823
29513
30705
35802
35079
29766
30531
35717
35202
29921
30176
35562
35372
29901
30153
35437
35230
29928
30460
35571
34903
29969
30862
35379
34745
30270
30750
35022
34961
30569
30540
34767
34927
30934
30401
34522
35114
30951
30415
34684
35361
31078
30283
34229
35045
31115
30926
34655
34830
30841
30520
34599
34897
30828
30764
34489
34713
31181
31126
34289
34272
31287
31084
34437
34516
31413
30988
34043
34629
31396
31059
34120
34374
31409
31358
34186
34175
31253
31221
34266
34373
31144
31323
34458
34348
31130
31182
34450
34303
30949
31236
34504
34095
31150
31483
34180
34026
31470
31498
34128
34087
31394
31497
34174
33965
31387
31374
34120
34343
31616
31328
33794
33971
31620
31732
33868
34098
31748
31657
33738
34123
31641
31091
33895
34477
31648
31058
33900
34357
31636
31325
33939
34154
31668
31510
33743
33705
31955
31929
33695
33506
31848
32200
33696
33357
31931
32101
33558
33546
32256
32038
33191
33629
32157
32079
33412
33293
32110
32261
33696
33325
31711
31824
33782
33735
31535
31893
34011
33703
31555
31819
33791
34167
31872
31295
33638
34140
31909
31533
33715
33951
32233
31540
33015
34036
32724
31613
32482
33981
32871
31559
32515
34033
32921
31646
32863
33616
32641
31941
32992
33521
32395
31835
32867
33895
32745
31534
32698
34053
32923
31688
32684
33976
32953
31573
32515
34274
33003
31299
32251
34433
33077
31216
32394
34382
32975
31386
32607
34029
32831
31659
32682
33860
32569
31771
32784
33596
32634
32484
32968
32976
32667
32894
32733
32481
32833
33049
32471
32581
33099
32904
32105
32497
33319
32886
32145
32748
33150
32713
32604
32716
32649
33084
33294
32356
32054
33286
33713
32320
32172
33024
33328
32747
31936
32581
33577
32913
31954
32839
33729
32582
31954
33265
33589
32375
31701
33263
33829
32217
31647
33314
34073
32311
31463
33128
34095
32614
31537
32879
33762
32600
31803
33113
33595
32260
31904
33330
33559
32449
32081
32980
33425
32730
32018
32798
33225
32750
32644
32960
33008
32417
32374
33070
32984
32559
32356
33047
33060
32518
32725
33107
32786
32459
32738
32950
32712
32561
32861
32966
32563
32578
32924
32903
32323
32366
33376
33269
32406
32132
33452
33380
32195
32321
33331
33062
32191
32444
33189
32977
32584
32688
32963
32539
32697
33338
32742
32082
32879
33603
32247
31893
33290
33592
32190
32046
33286
33350
32305
32283
33333
33336
32171
32135
33274
33615
32000
32022
33381
33203
32022
32619
33533
32609
32097
32894
33102
32734
32478
32903
33074
32520
32259
32851
33324
32688
32213
32515
33113
33098
32425
32316
33204
33212
32444
32434
33046
33200
32120
32354
33683
32976
31750
32719
33602
32721
32036
32746
33488
32986
32142
32639
33268
32953
32435
32396
33181
33269
32248
32121
33216
33386
32023
31994
33411
33546
32264
31944
32962
33702
32765
31768
32674
33653
33131
32053
32215
33581
33154
31952
32260
33748
33253
31867
32354
33601
33044
31949
32699
33501
32641
31889
33071
33718
32519
31876
32658
33789
32891
31544
32539
33869
32905
31611
32519
33830
33100
31481
32369
33946
33171
31609
32216
34128
33304
31459
32269
33878
33192
31936
32191
33685
33500
31916
31850
33271
33932
32123
31158
33443
34480
32153
30906
33388
34796
31982
30796
33261
34475
32632
31048
32888
34412
32580
31248
32849
34213
32374
31415
33055
34328
32612
31372
33125
34260
32368
31421
33338
34325
32310
31208
33219
34415
32493
31047
33372
34333
32171
31288
33456
33981
31932
31407
33614
34066
32020
31749
33480
33612
32043
31917
33427
33656
32527
31985
33022
33324
32448
32184
33010
33133
32578
32407
32795
33270
33050
31998
32190
33749
33353
31754
32337
33529
33379
31867
32219
33347
33421
32412
32282
33230
33096
32170
32697
33549
33138
32093
32470
33701
32868
31633
32596
33614
32708
31988
33149
33574
32129
32021
33489
33563
31928
32085
33643
33378
32131
32110
33294
33163
32367
32390
33002
32852
32846
32889
32546
32548
33432
32933
31995
32393
33535
33141
32134
32359
33474
33325
32102
32203
33356
33104
32268
32402
33279
33272
32204
32212
33511
33487
31944
31777
33649
33795
31970
31917
33599
33746
32017
31828
33735
33970
31775
31720
34135
33798
31302
31814
34036
33538
31560
32194
33729
33527
31692
32140
33585
33166
31764
32664
33704
32929
31851
32621
33696
33072
31592
32445
33698
32986
31708
32664
33844
32788
31595
32575
34123
33143
31404
32420
34002
33144
31559
32554
33843
32920
31866
32804
33684
32563
31733
33216
34103
31915
31542
33339
33999
32093
31365
33625
34203
31669
31266
33950
34050
31844
31319
33632
34213
32014
31174
33414
34441
32274
31169
33260
34189
32172
31625
33470
33573
32066
31968
33881
33523
31793
32153
33440
33183
32145
32410
33113
33126
32358
32629
33252
32717
32198
33113
33168
32305
32606
33204
33070
32157
32371
33481
33116
32123
32348
33441
33219
32281
32271
33263
33119
32402
32286
32916
33331
32629
31958
32721
33321
33078
31951
32646
33505
32936
31997
32776
33617
32747
32095
32651
33411
33160
32284
31933
33323
33857
32237
31357
33114
34472
32291
30671
32935
34804
32768
30656
32623
34903
32778
30740
33021
34634
32439
30728
33284
34848
32426
30734
33041
34916
32335
30696
33382
34699
32127
30965
33591
34585
31705
31069
33933
34354
31688
30979
34041
34420
31522
31207
34070
34099
31643
31731
33941
33727
31668
31835
33727
33711
32051
31872
33669
33617
31989
31934
33476
33486
32271
32222
33154
33095
32358
32473
33155
33200
32434
32264
33088
33395
32678
32161
32761
33312
33039
32145
32336
33460
33240
31775
32244
33557
33028
31671
32531
33824
33223
31738
32405
33666
33153
32004
32439
33576
33381
31860
32054
33584
33407
31917
32023
33651
33475
31771
32241
33608
33196
31996
32374
33581
32712
32003
32985
33638
32567
31843
33099
34027
32646
31433
32776
33961
32963
31662
32161
33901
33459
31589
32051
33797
33434
31851
31980
34106
33695
31539
31658
34268
33689
31235
31804
34162
33942
31636
31687
33943
33952
31869
31614
33720
33811
31860
31775
33538
33632
31936
31989
33626
33600
32264
31663
33391
33631
31955
31942
33722
33476
31722
32435
33995
33065
31336
32518
34339
33112
31475
32310
33914
33243
31807
32193
34047
32952
31329
32788
34297
32756
31509
32817
33977
33114
31447
32178
34041
33676
31591
31373
33951
34159
31752
30954
33553
34588
31973
30842
33466
34778
31946
30775
33667
34923
32048
30682
33373
35097
32148
30424
33370
34843
32135
30915
33328
34405
32063
31320
33610
34097
31915
31309
34005
34079
31540
31513
33679
33955
32100
31580
33142
33934
32175
31466
33303
34117
32172
31313
33005
34142
32598
31404
32986
34300
32618
31096
32818
34552
32685
30780
32442
34548
33224
30900
32378
34633
32973
31012
32410
34358
33287
31268
32229
33925
32931
31675
32652
33793
33010
31803
32508
33746
33233
31939
32480
33617
33226
32011
32674
33577
32737
32037
32868
33549
32451
31617
32786
33975
32691
31525
32869
33864
32591
31888
32658
33517
32832
32203
32501
33510
33276
32329
32295
33052
33564
32492
31732
32876
33732
32822
31928
32488
33639
33392
32047
31813
33517
33687
31999
32102
33724
33328
31672
32347
33937
33121
31666
32415
33870
32935
31651
32742
33783
32941
31919
32583
33408
32980
32095
32550
33419
32967
32253
32717
33380
32864
32278
32869
33269
32594
32201
32723
33288
32838
32393
32719
33128
32821
32357
32825
33152
32440
32515
33380
32763
32233
32636
33324
32639
32179
33262
33275
32138
32189
33287
33256
32571
32092
32818
33579
32726
31657
32833
33919
32907
31754
32525
33748
33262
31946
32190
33636
33500
31960
32051
33620
33775
32176
31757
32873
33712
32917
32100
32550
33160
32778
32408
32773
32830
32825
32480
32712
33216
32677
32131
33158
33633
32306
31876
33249
33595
32210
31967
33050
33430
32571
32070
32798
33517
32853
32130
32700
33818
32778
31681
33018
34054
32463
31452
33085
34028
32339
31659
33119
34065
32531
31456
32912
34176
32947
31688
32414
33869
33040
31594
32301
33785
33432
32039
31936
33574
33717
32066
31584
33531
33681
32071
31537
33259
33969
32268
31605
33139
34050
32556
31641
33190
33897
32333
31594
33224
33875
32431
31900
33258
33579
32193
32070
33341
33366
32157
32135
33634
33355
31996
32011
33603
33642
31984
31650
33553
33835
32001
31741
33350
33772
32185
31569
33041
33910
32626
31394
32486
34040
32936
31440
32463
34381
33083
31041
32491
34312
32849
31056
32611
34494
33047
30975
32653
34803
32909
30782
32435
34579
33218
31001
32141
34460
33500
31180
32248
34536
32963
30991
32682
34392
33039
31088
32571
34360
32924
31370
32800
34106
32697
31395
32897
34053
32591
31619
32606
33592
33042
32255
32618
33019
32788
32400
32612
33179
32947
32500
32516
33117
33077
32438
32638
33176
33138
32333
32246
33373
33290
32150
32279
33570
33336
31834
32117
33557
33726
32068
31496
33285
34321
32086
30831
33345
34855
32251
30845
33146
34525
32514
30973
32909
34346
33053
31074
32453
34553
33067
31006
32572
34882
32734
30666
32720
35001
32738
30392
32956
34950
32416
30493
33222
34820
32142
30702
33472
34736
31867
30872
33795
34776
31733
30874
33891
34582
31740
31022
33973
34713
31624
30850
33858
34927
31422
30463
34130
35249
31494
30090
33796
35791
32053
29825
33402
35600
31855
29685
33758
35934
31994
29461
33485
36311
31941
29396
33664
36151
32014
29786
33674
35668
32037
29833
33574
35504
32058
29916
33555
35406
31960
30534
33530
34668
32011
30933
33520
34488
32376
31041
32959
34450
32595
31275
32968
34169
32356
31600
33200
34115
32414
31503
32828
33934
32916
31646
32359
34125
33292
31431
32160
33953
33437
31800
31897
33725
33664
31690
31844
33715
33740
31831
31919
34023
33541
31347
32110
34040
33230
31488
32026
34243
33564
31341
31907
34256
33726
31206
31712
34067
33749
31493
31832
34041
33616
31770
31785
33404
33812
32079
31677
33569
33513
31806
32147
33811
33349
31803
32122
33767
33575
31686
31948
33809
33532
31942
32265
33570
33037
32264
32750
33215
32798
32482
32565
33199
32815
32116
32806
33607
32747
31878
32548
33532
33054
31985
32773
33507
32262
31916
33457
34059
32074
31323
33343
34311
32254
31212
33258
34438
32307
31073
33118
34633
32692
30994
32747
34463
32783
31230
32644
34234
32927
31479
32675
34281
32800
31206
32715
34374
32734
31068
32710
34672
32822
30783
32471
34949
33070
30472
32201
35077
33299
30469
32246
34840
33230
30905
32250
34548
33468
30997
32344
34396
33296
31126
32086
34596
33617
30705
31822
34810
33717
30471
31823
35062
33934
30593
31668
35029
33872
30806
31657
34600
33799
30902
31897
34391
33265
31434
32212
33973
33110
31588
32474
34072
33168
31511
32171
34190
33468
31513
32051
33892
33364
31454
32345
34146
33082
31410
32536
34345
33005
31249
32365
33992
33415
31405
31975
34158
33722
31541
31668
34077
33943
31544
31781
34049
33758
31357
31650
34118
33935
31458
31431
34031
34182
31695
31320
34065
34010
31617
31431
33993
34097
31503
31474
33794
33833
31549
31859
33770
33408
31616
32091
33707
33363
32094
32144
33690
33227
31487
32410
33810
33061
31490
32355
34170
33149
31395
32435
34246
33164
30974
32293
34902
33275
30721
32337
34735
33293
31031
32329
34696
33157
31008
32393
34471
32879
31216
32789
34118
32694
31659
32819
33770
32673
31679
32662
33629
32977
32533
32325
32920
33304
32523
32018
33096
33595
32299
31954
33224
33802
32276
31443
33240
34029
32315
31330
33095
34115
32679
31312
32873
33899
32463
31513
33298
33914
32248
31741
33201
33951
32457
31626
33018
33865
33023
31791
32646
33741
32831
31504
32650
33816
32757
31570
32849
34011
32580
31472
32800
33856
32520
31657
32891
33928
32528
31639
32704
33868
33018
31612
32478
34158
33180
31190
32521
34219
33309
31465
32262
34065
33128
31590
32120
33889
33215
31975
32310
33685
33457
31847
32249
33327
33329
32279
32090
33165
33373
32485
31945
32995
33544
32737
32094
32722
33510
32690
32168
32914
33317
32549
32148
33027
33614
32665
31836
32721
33564
33053
32326
32390
33217
33076
32303
32539
33326
33119
31981
32446
33607
33040
31570
32534
34003
32830
31283
32948
34514
32454
31123
33164
34336
32175
31061
33433
34579
32158
30624
33280
35310
32468
30436
33234
35022
32373
30774
33107
34624
32519
30917
32939
34661
32508
30879
33127
34673
32300
30829
33378
34636
32089
30503
33506
35038
31927
30621
33595
35068
32026
30569
33347
34942
32606
30632
33034
34688
32229
30961
33168
34688
32436
30746
32955
34786
32583
30826
32794
34836
32750
30418
32564
35237
32772
30231
32586
35105
32987
30400
32474
35010
33248
30903
32373
34262
33257
31582
32310
33831
33305
31812
32156
33448
33215
32202
32428
33226
32995
32810
32402
32642
33055
33153
32298
32329
33336
33183
32366
32276
33017
33222
32620
32424
32770
32873
32926
32896
32610
32479
33029
33379
32503
31876
32947
33566
32663
32156
32862
33588
32736
31956
32884
33718
32582
31726
33158
33671
32539
31751
33108
33270
32446
32505
32917
32742
32875
32856
32887
32481
32688
33322
32933
32211
32608
33460
32777
31823
32663
33836
32750
31685
32749
34048
32595
31384
32872
34134
32752
31455
32838
34048
32512
31291
33179
34525
32198
30960
33264
34510
32523
30982
32952
34705
32467
30900
33175
34755
32300
30707
33253
34870
32266
30480
33208
34853
32671
30840
32493
34732
33132
30818
32238
34845
33061
30729
32435
34753
33264
30853
32239
34393
33036
31160
32476
34117
33037
31780
32776
33667
32608
31822
32696
33719
32860
31794
32663
33929
32663
31629
33092
34041
32660
31432
32969
34168
32740
31355
32674
34041
32871
31519
32795
33941
32702
31497
32760
34150
32685
31194
32656
34481
32730
31347
33131
34051
32197
31575
33303
33769
32452
31768
33082
33696
32499
31894
33139
33562
32635
32275
32702
33284
33162
32493
32482
32798
33077
32540
32431
33017
33213
32734
32611
32710
32927
32694
32975
33140
32336
32317
33357
33421
31908
31936
33479
33516
32207
31821
33031
33798
32574
31659
32854
33979
32892
31420
32483
33994
33303
31460
32208
34096
33378
31314
32271
34490
33511
31067
31822
34641
33663
30633
31932
34905
33539
30418
32114
35146
33428
30278
32077
35365
33085
30153
32354
35605
33112
30157
32390
35147
33237
30475
32072
34685
33559
31083
31948
34466
33469
31373
31928
34290
33533
31142
32043
34503
33469
31272
32039
34093
33299
31571
32427
33984
32833
31586
32588
33662
32935
31935
32586
33440
32830
32010
32640
33384
32832
32181
32562
33465
33003
31952
32308
33364
33219
32147
32379
33076
33222
32477
32492
32991
32984
32469
32643
33106
32944
32309
32585
33407
32846
32286
32550
33397
33095
32045
32395
33480
33290
31901
32204
33802
33306
31573
32237
33953
33058
31651
32782
33915
32625
31594
32776
34184
32742
31321
33160
34327
32061
31271
33598
34278
31619
31034
33970
34293
31522
31569
33932
33976
31561
31278
33749
34349
32060
31081
33200
34347
32597
31446
33005
34266
32589
31404
32870
34264
32828
31510
32750
33841
32915
32110
32537
33274
33099
32384
32305
33297
33264
32241
32129
33284
33666
32145
31991
33587
33440
31890
32027
33695
33612
31884
31882
33358
33367
32533
32442
32671
33030
32957
32263
32489
33100
32970
32370
32636
32893
33089
32897
32176
32258
33528
33341
32093
32049
33472
33612
31999
31815
33455
33924
32197
31472
33273
34153
32274
31193
32964
34185
32553
31544
32842
34050
32727
31642
32639
33858
32844
31664
32755
33499
32413
31922
33377
33604
32155
32003
33481
33356
31967
32334
33530
32753
32285
33054
33266
32269
32313
33272
33336
32334
31917
33374
33566
32002
31887
33532
33598
31843
32141
33796
33287
31775
32302
33417
33001
32244
32804
32886
32570
32816
33172
32333
32252
33053
33486
32397
32035
33292
33449
32096
32215
33789
33613
31448
31786
34094
33863
31646
31913
33580
33720
31984
31675
33565
33752
31934
32106
33525
33501
32200
32253
33103
32953
32474
32918
33139
32395
32556
33088
32709
32200
33216
33280
32486
32246
32983
33461
32581
31901
32972
33473
32632
32215
33086
32950
32615
32401
32828
33209
32739
32057
32851
33418
32597
32263
32846
33123
32374
32693
33356
32702
32347
32663
33024
32974
32702
32324
32766
33064
32991
32472
32471
32979
33040
32696
32469
32996
33114
32674
32451
32987
32870
32589
32683
32935
32847
32625
32835
32758
32704
33061
32946
32789
32583
32603
33106
32851
32474
32484
33164
33013
32478
32601
32898
33190
32866
32334
32395
33228
33288
32306
32146
33178
33626
32325
31982
33046
33493
32574
31917
33143
33628
32049
31895
33492
33379
31919
32049
33635
33336
31605
32413
33778
33007
31781
32356
33327
33298
32596
32244
33187
33308
32072
32326
33515
33379
31680
32080
34033
33571
31129
32075
34380
33550
31263
31848
34357
33729
30916
32010
34834
33350
30534
32215
34983
33330
30440
32280
35209
33123
30313
32635
35022
33125
30441
32372
35147
33267
30509
32441
35244
33183
30249
32407
35144
33079
30428
32543
34941
33093
30911
32492
34386
33346
31198
32110
34285
33672
31186
31649
34392
33773
30980
31822
34695
33696
30784
31659
34506
34004
30886
31625
34816
33850
30755
31832
34790
33775
30752
31664
34831
34238
30671
31026
34816
34703
30581
30620
35158
34995
30385
30587
35152
34925
30457
30663
35048
34679
30513
31029
34813
34696
30996
30764
34576
34944
31131
30649
34310
35007
31554
30663
33834
34552
31765
31017
33627
34394
32060
30974
33230
34548
32184
30967
33151
34471
32551
31121
32687
34504
32877
31125
32572
34599
32943
30803
32800
34696
32636
30972
33262
34536
32352
31027
33177
34693
32351
31057
33149
34212
32425
31376
32865
34362
33016
31167
32612
34315
32905
31233
32596
34134
32923
31428
32775
33881
32824
31678
32525
33920
33127
31634
32356
34022
33261
31810
32077
33715
33720
32160
32192
33352
33511
32365
32230
33170
33287
32321
32470
33010
32777
32475
32826
33008
32343
32667
33239
32804
32426
32747
33302
32647
31994
32898
33582
32827
31835
33072
33611
32127
32036
33418
33329
32190
32172
33322
33214
32198
32418
33282
33178
32092
32536
33189
32938
32208
32625
33308
32973
32356
32664
33022
33059
32712
32625
32592
33186
33130
32255
32302
33399
33368
31798
32020
34036
33749
31466
31790
34051
33884
31399
31690
34138
33351
31835
32366
33587
32940
32080
32541
33479
33007
31886
32636
33597
32937
31943
32294
33371
33072
32100
32606
33295
32700
32148
32811
33313
32660
32252
32790
33146
32976
32350
32304
33053
33260
32606
32044
32720
33617
32811
31889
32588
33576
33085
31969
32592
33671
32505
31857
33244
33423
32324
32097
33437
33180
31944
32322
33562
33285
31993
32312
33669
33317
31675
32141
33682
33497
31796
32161
33547
33434
32033
32023
33698
33373
31685
32359
34114
33033
31417
32344
34171
33207
31337
32392
34215
33003
31439
32826
34034
32912
31655
32660
33886
32991
31706
32378
33593
33110
32109
32307
33240
33233
32591
32256
32887
33125
32959
32666
32373
32715
33184
33006
32415
32290
32910
33134
32742
32361
32523
32945
33122
32541
32193
32957
33586
32619
32194
32832
33450
32761
32258
32906
33069
32584
32588
32907
32821
32750
32761
32977
32757
32570
33076
32851
32282
32494
33432
33181
32297
32383
33147
33289
32406
32115
32928
33434
32675
31929
33238
33260
32153
32281
33318
33336
31906
32142
33662
33428
31759
32440
33713
32971
32018
32449
33449
33038
32063
32410
33673
32981
31739
32685
33875
32950
31621
32753
34164
32731
31224
33010
34281
32408
31439
33491
34107
31975
31330
33714
34340
31708
31242
34051
34260
31436
31170
34328
34412
31467
31286
33871
34038
31405
31496
34122
34061
31412
31172
33941
34346
31472
31082
34101
34673
31546
30754
34093
34853
31438
30796
34092
34828
31536
31007
33734
34648
32060
30796
33433
34823
32133
30722
33545
34846
31977
30910
33535
34658
32069
30775
33391
35034
32149
30410
33086
35027
32677
30565
32901
34741
32785
30788
32559
34599
32879
30991
32520
34452
32958
30965
32508
34496
33021
31076
32545
34418
32839
31224
32424
34260
32981
31271
32608
34440
32672
30975
32928
34597
32711
30965
32922
34819
32357
30467
33358
35199
32035
30440
33414
35192
32035
30359
33543
35194
32064
30451
33583
35130
32043
30468
33589
35232
31760
30188
33539
35287
31882
30048
33462
35553
32087
30031
33439
35478
32085
30456
33604
34638
31914
31151
33537
34378
32079
31420
33475
33981
32311
31399
33038
34332
32721
31069
32836
34468
32653
31263
32807
34207
32542
31668
33227
33832
32293
31710
33371
33927
32227
31595
33299
33826
32351
31862
33099
33587
32577
31740
32893
33374
32803
32201
32517
33281
33164
32251
32130
33442
33539
32007
32048
33593
33425
31932
32081
33811
33526
31849
31988
33685
33517
31760
32129
34033
33082
31242
32390
34435
33171
31116
32474
34410
32934
30995
32410
34586
33156
30981
32333
34551
33323
30843
31919
34571
33664
30641
31377
34742
34212
30776
31262
34627
34388
30894
30825
34690
34790
31011
30721
34733
34761
30899
30816
34588
34712
30845
30783
34561
34880
31306
30569
34378
35073
31323
30514
34184
35101
31574
30292
33556
35411
32128
30182
33508
35216
32046
30357
33463
35447
32041
30029
33404
35658
31819
29940
33665
35681
31818
29972
33470
35489
32330
30044
33302
35554
31938
29928
33544
35328
31842
30351
33769
35128
31715
30595
33750
34835
31804
30908
33570
34722
32217
30804
33397
34580
32138
31108
33269
34207
32206
31028
33057
34516
32497
31060
33291
34315
32231
31163
33361
34510
32126
31123
33728
34288
31681
31418
33936
34052
31637
31698
33682
33837
31807
31314
34103
34253
31527
31192
33962
34389
31704
31206
33897
34500
31606
31039
33634
34601
32039
30998
33615
34390
32133
31153
33277
34324
32390
31065
32885
34446
32744
31060
32848
34490
32854
31027
32751
34491
32649
31077
32891
34447
32738
31381
32820
33911
32843
31758
32542
33829
32829
31886
32776
33613
32701
31912
32818
33364
32594
32189
33226
33213
32107
32423
33372
33397
32005
31881
33879
34025
31474
31386
34254
34203
31295
31149
34264
34304
31427
31227
33699
34405
32147
30880
33230
34750
32294
30953
33238
34562
32521
30965
33138
34730
32199
30693
33353
34618
32278
30994
33181
34634
32186
30674
33396
34625
32215
30708
33153
34827
32368
30653
33162
34926
32451
30421
33336
35478
32203
29836
33383
35728
32350
29624
33318
36032
32194
29371
33200
36095
32536
29844
33025
35553
32622
30323
33156
35063
32377
30549
33164
35188
32451
30412
33111
35111
32358
30525
33259
35073
32098
30555
33468
35307
32229
30230
33166
35174
32598
30768
32895
34514
32480
31005
32939
34526
32559
30967
32869
34550
32688
30865
32688
34649
32818
30940
32817
34883
32751
30701
33037
34842
32591
30337
32776
35145
32383
30230
32983
35260
32741
30423
32925
35106
32778
30468
32735
34968
32935
30992
32707
34620
32490
30940
33242
34401
31882
31201
33703
34367
31944
31072
33297
34817
32081
30663
33814
34893
31683
30823
33933
34552
31639
30807
33768
34526
31836
30932
33229
34757
32488
30424
33009
34926
32567
30297
32746
35096
32719
30476
32964
34860
32889
30875
32516
34720
33032
30937
32567
34823
33050
30712
32316
35206
33166
30117
32238
35427
33536
30085
32095
35468
33331
30060
32158
35242
33396
30260
32014
35178
33495
30662
31973
34471
33685
31173
31813
34113
33647
31332
31966
34096
33559
31449
32130
34234
33431
31448
32021
34161
33647
31513
31837
34029
33715
31420
31749
34337
33951
31053
31649
34714
33816
30825
31736
34831
33792
31060
31758
34349
33569
31090
32128
34224
33423
31343
32130
34186
33121
31396
32488
34441
33021
31040
32317
34345
33374
31402
32458
34112
33086
31284
32437
34185
32975
31385
32829
34049
32548
31314
33091
34244
32515
31077
33130
34468
32453
31039
33149
34555
32603
30927
32707
34661
32716
30977
32856
34654
32537
30801
33007
34665
32722
31063
32676
34356
32926
31046
32381
34732
33089
30691
32430
34900
32801
30663
32478
35031
33138
30500
32506
35089
33240
30350
32304
35034
33045
30168
32495
35321
33062
30512
32603
34827
32974
30820
32588
34764
32727
31005
32897
34535
32801
30919
32485
34759
33071
30899
32500
34187
32899
31444
32590
33865
33064
31549
32346
34014
33289
31500
32112
34368
33337
30947
32223
34656
33118
30841
32483
34419
32875
31204
32580
34136
33225
31330
32108
34048
33711
31400
31541
34158
34146
31342
31177
34359
34622
31055
31002
34440
34703
31210
30854
34279
34556
31162
30730
34487
34955
30785
30461
34683
35060
30961
30577
34819
34754
30787
30773
34570
34778
31018
30807
34425
34483
31232
30963
34176
34853
31374
30716
34146
34658
31305
30981
34196
34754
31480
30648
33955
34696
31401
31002
33957
34541
31706
31132
34037
34225
31322
31456
34157
33800
31439
31829
34244
33619
31035
32016
34816
33488
30493
32249
35251
32931
30517
32686
35150
32874
30414
32399
35249
33224
30120
32172
35398
33626
30122
31963
35452
33307
30174
32009
35356
33531
30069
32058
35661
33461
29860
31916
35615
33860
29932
31673
35632
33983
29914
31810
35514
33474
30098
32031
35210
33740
30435
31861
34853
33880
30753
31524
34568
33939
30952
31654
34919
33817
30429
31583
35120
34090
30183
31134
35206
34288
30327
31182
35210
34465
30287
30768
34947
34896
31116
30643
34122
35097
31736
30306
33630
35059
32082
30513
33336
35038
32176
30390
33085
35294
32488
30145
32838
35271
32763
30456
32725
34934
32887
30686
32697
34781
32622
30592
32581
34967
32749
30624
32843
34937
32547
30431
32884
35163
32824
30434
32568
34959
33024
30724
32648
34854
32645
30983
32925
34526
32761
31110
32799
34152
32562
31533
32794
33916
32769
31701
32901
33834
32570
31705
33260
33608
32129
31803
33546
34013
32164
31461
33422
34046
32361
31449
33115
34001
32677
31506
32710
34112
33015
31374
32510
34276
32922
31193
32679
34310
32963
31249
32630
34463
33212
30981
32339
34655
33392
30936
31919
34651
33888
30845
31432
34494
34091
31034
31615
34695
33605
31016
32179
34840
33105
30583
32376
35032
33144
30331
32479
35123
32813
30569
32697
35022
32871
30370
32652
35022
32715
30255
32704
35430
33012
30086
32237
35472
33271
30082
32046
35486
33859
29943
31586
35880
33957
29655
31589
35959
33769
29686
31675
35889
33807
29524
31759
35842
33710
29733
31881
35730
33751
29748
31768
35852
33445
29606
31950
35914
33738
29595
31631
35776
33625
29914
31936
35498
33686
30228
31710
34997
33844
30532
31667
35050
33886
30082
31382
35630
34327
30151
31197
35306
34360
30464
31198
34884
34515
31080
30967
34158
34721
31742
30958
33596
34665
32170
30712
33425
35026
32093
30434
33664
35289
31911
30064
33553
35761
32150
29670
33403
36069
31895
29380
33591
36447
31873
29291
33578
36174
31923
29313
33538
36209
32041
29258
33211
36438
32391
28900
33063
36565
32442
28953
32959
36420
32630
29287
32968
36123
32220
29376
33553
36080
32182
29648
33256
35860
32506
29678
32972
36094
32632
29468
32830
36220
32674
29629
32863
35857
32790
29926
32708
35538
32780
30045
32732
35371
32671
29975
33163
35575
32219
29951
33457
35831
32070
29678
33481
36006
32353
29744
32958
35474
32640
30470
32764
34951
33152
30309
32422
35109
33363
30443
32246
35202
33585
30422
31816
35272
33905
30055
31448
35452
34092
30050
31431
35244
34069
30469
31192
34770
34405
30682
30976
34872
34742
30452
30996
35226
34528
30332
30890
35144
34633
30474
30896
34778
34461
30683
31213
35077
34302
30323
31283
35436
34337
30063
31234
35550
34398
29990
31354
35633
33958
29984
31497
35426
34000
30263
31443
35171
34330
30507
31300
34968
34122
30689
31607
34805
33971
30893
31674
34672
33897
30887
31461
34487
33777
31100
32104
34574
33174
30567
32338
35213
32867
30112
32989
35780
32712
29421
32791
36118
32895
29547
32539
35777
33040
29540
32421
35860
33239
29513
32460
36225
33124
29433
32272
36009
33391
29784
32072
35678
33349
29695
32282
35970
33001
29554
32709
36153
32897
29149
32872
36263
32919
29604
32508
35884
32977
29781
32532
35632
32864
30065
32709
35291
32949
30395
32459
34956
33230
30750
32409
34738
33190
31054
32154
34073
33635
31707
31998
33545
33568
32397
31933
32932
33456
32685
31857
32566
33802
33098
31841
32384
33502
33085
31931
32688
33576
32829
32222
32689
33185
32800
32282
32756
33653
32708
32188
32895
33328
32662
32309
32885
33271
32840
32351
32857
32987
32578
32349
33223
33250
32127
32258
33455
33524
32088
31987
33598
33549
31979
32241
33613
32986
31766
32487
33615
32906
32066
32733
33396
32575
32492
33033
33016
32601
32455
32998
33390
32319
31991
33171
33521
32303
31772
33180
33861
32301
31692
32951
33667
32279
31771
33179
33478
32383
32279
32972
33308
32570
32091
32828
33373
32723
32374
32963
33179
32668
32588
32813
32965
32823
32601
32592
33208
33325
32344
32117
33127
33638
32251
31782
33117
33689
32476
31920
33083
33736
32379
31955
33454
33561
31755
32086
33646
33835
31711
31748
33906
33797
31820
31771
33674
33697
31931
31613
33567
33794
32174
31911
33414
33580
31948
31813
33378
33924
31896
31603
33826
34198
31703
31259
33743
34522
31769
31082
33689
34582
31669
30931
34024
34589
31286
30751
34335
34761
31197
30808
33982
34625
31635
31110
33684
34478
31955
30788
33527
35021
32369
30443
32943
35239
32468
30179
32929
35146
32732
30146
32746
35156
32793
30289
32591
34847
32726
30638
32568
35088
33059
30696
32587
34965
32819
30596
32937
34732
32515
30826
32822
34784
32932
30684
32532
34928
33109
30754
32294
34909
33276
30523
32117
34917
33591
30764
31909
34577
33590
30859
32063
34488
33625
31080
31561
34645
34169
31173
31501
33923
34136
31643
31323
33912
34298
31629
31209
33889
34311
31655
31195
33966
34208
31508
31386
34118
33964
31338
31920
34132
33424
31393
32445
33936
32962
31623
32680
34044
32664
31668
32863
33903
32963
31794
32593
33586
33148
32149
32556
33144
33012
32316
32249
33336
33523
32157
31837
33163
33728
32237
31542
33089
34002
32454
31478
33143
34090
32378
31516
33261
33976
32270
31512
33331
33750
31995
31746
33532
33536
31740
31767
33580
33836
31885
31995
33619
33637
31721
31801
33804
33925
31844
31662
33565
34303
31824
31243
33693
34219
31854
31365
33711
34050
31944
31604
33569
33761
31956
31747
33693
33942
31825
31677
33806
33663
31664
32059
34188
33524
31156
32176
34397
33342
31147
31975
34452
33408
30879
32179
34637
33309
30795
32445
34851
32821
30617
32714
34880
32732
30451
32966
35072
32843
30402
32424
35449
33571
29988
31596
35578
34305
30069
30939
35373
34592
30189
30949
35276
34371
30725
31157
34721
34364
30937
31314
34704
34113
30861
31384
34551
34032
30900
31395
34843
34196
30556
31247
34629
34427
31039
30979
34563
34511
31139
30968
34071
34619
31599
30975
33860
34424
31774
30947
33675
34734
31831
30634
33542
34789
32118
30829
33378
34850
32280
30549
33348
34923
32148
30589
33564
35002
32027
30460
33562
34938
31802
30681
33871
34627
31783
30997
34134
34535
31315
30917
34434
34723
30895
30764
34772
34794
30885
30808
34461
34533
31119
30989
34713
34627
31069
30753
34489
34747
31110
30686
34422
34748
31241
31135
33992
34519
31386
31011
34238
34221
31108
31413
34342
33985
31050
31507
34594
34107
30777
31443
34941
34206
30728
30912
34682
34859
30860
30666
34779
34769
30208
30797
35241
34383
30148
31046
35320
34521
29943
31202
35548
34217
30002
31345
35304
34238
30348
31185
35145
34191
30669
31326
34730
33958
30798
31657
34496
33847
31460
31573
33944
33888
31488
31711
34123
33786
31497
31907
34406
33460
31275
32002
34420
33613
30952
31868
34541
33846
30935
31524
34909
34112
30558
31155
34881
34556
30459
31013
34919
34476
30565
31051
34734
34462
30968
30836
34436
35007
31313
30565
34189
35193
31334
30340
34236
35264
31368
29926
34398
35580
31091
29854
34599
35818
31103
29651
34454
35906
31293
29444
34291
36161
31377
29622
34019
35847
31232
29740
34270
35764
31601
29642
33676
35876
31859
29654
33510
35733
32041
29781
33287
35824
32183
29692
33338
35974
31919
29624
33709
36243
31840
29109
33553
36467
31976
28952
33388
36720
32052
28737
33357
36856
32441
28597
33024
37137
32564
28166
33004
37315
32310
28099
33332
37713
32232
27966
33458
37477
31927
28368
33417
36789
32190
28933
33277
36610
32135
28792
33405
36609
32320
28869
33441
36790
32233
28500
33349
36748
32212
29184
33354
36279
32206
29328
33141
35749
32539
29650
32803
35925
32803
29492
32760
35914
32648
29530
32712
36128
32766
29451
32768
36218
32754
29095
32741
36402
32825
29145
32609
36349
32848
28939
32664
36672
33315
28794
32161
36701
33324
28833
32145
36698
33634
28890
31841
36581
33517
29115
31818
36441
33599
29127
32156
36503
33556
28969
31716
36422
33866
29215
31413
36001
34058
29667
31650
35489
33957
30231
31679
35209
33799
30373
31660
34828
33900
30902
31693
34521
33838
31084
31926
34536
33842
31130
31758
34565
33721
30424
31890
35314
33939
30196
31449
35508
34076
29922
31677
35892
33733
29396
31563
36482
34252
29202
31091
36301
34709
29346
30684
36123
34838
29401
30490
35973
35230
29487
30037
35958
35390
29428
30273
36004
35397
29377
29848
36298
35834
29253
29685
36387
35952
29381
29375
36267
36361
29403
29154
36020
36443
29394
28977
36101
36629
29716
28804
35589
36724
29925
28781
35343
36921
29990
28436
35452
37301
30172
28131
35246
37544
30223
27842
35349
37627
30320
27858
35252
37751
30282
27766
35191
37765
30462
28116
34994
37270
30566
28521
34932
36832
30519
28838
34760
36751
31039
28599
34383
37145
31148
28460
34164
37021
31644
28417
33904
37333
31700
28142
33744
37454
31948
27806
33807
37554
31813
27786
33646
37725
31875
27997
33672
37288
31969
28354
33622
36835
31858
28579
33815
36955
31691
28752
33499
36639
31960
28734
33504
36825
32227
28606
33269
37164
32399
28173
32936
37504
32721
27972
32593
37592
33183
28329
32214
37256
33504
28413
31748
37215
33839
28402
31666
37263
33814
28307
31699
37175
33872
28762
31788
36652
33654
29143
31898
36291
33421
29086
32223
36390
33446
28950
31993
36697
33489
28772
32074
36830
33502
28528
31999
37279
33574
27982
31744
37983
33775
27736
31471
37856
33859
27788
31668
37647
33918
27785
31581
37871
34003
27970
31534
37442
34288
28422
31441
37056
34070
28620
31525
36978
33991
28680
31569
36745
34056
28941
31373
36642
34352
29022
30978
36377
34485
29506
31188
35784
34562
29723
30955
35832
34729
29738
30703
35896
34840
29493
30659
36149
34729
29296
30975
36295
34595
29190
30935
36254
34776
29137
30868
36261
34689
29300
30919
36171
34601
29225
30935
36498
34575
29118
31131
36545
34283
29057
31114
36571
34302
29028
31092
36501
34369
28996
31274
36580
34304
29015
31302
36645
34362
29103
31167
36488
34322
29080
31206
36291
34429
29304
31061
36084
34459
29312
30822
36181
35149
29118
29978
36809
35865
28421
29630
37457
35960
28033
29594
37371
36030
28026
29726
37360
35598
28181
30165
37351
35158
28235
30263
37276
35187
28411
30354
37181
35164
28530
30238
36959
35128
28224
30669
37377
34364
28048
31327
37562
33992
28024
31709
37567
33730
28124
31935
37171
33664
28163
32028
37504
33363
28099
32002
37332
33675
28353
31694
37109
33894
28500
31619
36977
33822
28582
31726
36808
33948
28842
31476
36546
34016
28947
31310
36580
34162
29192
31417
36285
34081
29181
31337
36334
34412
28939
30942
36359
34486
29245
31134
36472
34393
29332
31187
35892
34220
29590
31156
35793
34490
29907
30946
35595
34451
30105
31228
35318
34481
30389
30763
35146
34824
30191
30586
35430
34976
30285
30412
35311
35126
30247
30526
34910
35002
30611
30429
35278
35355
30193
30166
35260
35114
30422
30372
35129
35369
30490
30196
35039
35358
30397
30097
35110
35263
30648
30282
34917
35399
30532
29975
35029
35610
30074
29994
35526
35643
30176
30001
35612
35557
29688
29749
35922
35769
29715
29634
35943
35499
29363
30212
36095
34983
29589
30553
36246
35101
29422
30618
36389
34784
29297
30475
36314
34904
29228
30547
36435
35297
29082
30192
36896
35207
28479
30327
37163
35169
28217
30030
37115
35833
28532
29788
36758
35776
28757
29599
36703
35835
28888
29734
36748
35797
28732
29753
36665
35678
28842
29963
36741
35735
28840
29644
36413
36110
29227
29441
36293
36150
29446
29336
36110
36007
29237
29374
36506
36095
29074
29488
36535
36040
29116
29606
36363
35930
29369
29442
35907
36221
29742
29237
35346
36452
30329
29003
35024
36607
30549
28907
35282
36284
30241
29289
35235
36413
30168
29254
35208
36379
30388
29043
34997
36717
30799
28660
34764
37142
31182
28493
34208
37321
31535
28239
33987
36967
31520
28740
34092
36889
31481
28667
33975
37028
31500
28596
34146
36670
31229
28877
34378
36528
31054
28953
34643
36390
30530
28945
35139
36383
30352
28986
35227
36737
30208
28766
35535
36604
30026
28785
35359
36871
30124
28667
35450
36788
30163
28920
34993
36473
30588
29007
34601
36189
30963
29568
34505
36033
30969
29354
34639
36416
30791
29327
34850
36457
30929
28946
34457
36420
31127
29105
34412
36406
30758
29245
34660
36269
30882
29625
34746
35996
30786
29829
34847
35597
30622
29879
35026
35749
30630
29757
34771
35726
30804
29799
34542
35664
31060
29875
34282
35646
31273
29686
34219
35839
31334
29576
34298
35830
31152
29575
34640
36189
30749
29277
34789
36564
30781
29041
34665
36579
30819
29115
34650
36145
30517
29210
35030
35995
30446
29277
35175
36618
30373
28872
35178
36741
30396
28812
35364
37065
29944
28174
35608
37522
29726
27871
35605
37784
30003
27867
35176
37676
30195
27707
35142
37959
30452
27343
34966
38432
30478
26876
35099
38819
30558
26578
34848
39117
30567
26683
34943
38809
30678
26650
34792
38906
30693
26794
34793
38490
30768
26924
34510
38638
31141
26624
34606
39073
31115
26561
34479
38865
30982
26762
34604
38673
30903
26678
34429
38420
31280
27127
34204
38274
31331
27366
34259
38297
31467
26950
33936
38658
31872
26894
33467
38630
31877
26808
33490
38871
32266
26752
33085
38895
32159
26684
33344
38914
32329
26911
33380
38639
32168
26922
33367
38703
32151
26806
33650
38725
31717
26841
33800
38771
31660
26622
34120
38951
31450
26750
34055
38504
31384
27038
33959
38573
31541
26697
33878
38815
31592
26716
33920
38685
31837
26740
33626
38999
31773
26483
33794
39185
31833
26230
33739
39282
31796
26175
33695
39209
31934
26329
33805
39392
31406
26316
34089
39173
31249
26222
34179
39210
31684
26328
33947
39225
31695
26156
33997
39395
31458
26415
33877
38963
31829
26712
33743
38634
31826
26696
33402
38871
31928
27014
33978
38258
31341
27416
34322
37665
31244
28108
34465
37364
31080
28187
34239
37140
31557
28240
33978
37506
31637
28061
33696
37521
31830
27946
33933
37303
31539
28113
34246
37243
31127
28408
34154
37070
31254
28674
34380
37011
31120
28191
34170
37322
31423
28222
33926
37191
31924
28269
33416
37430
32366
27870
33072
37632
32349
27823
33087
37815
32473
27856
32693
37585
32813
28151
32889
37106
32522
28494
33171
37080
32484
28569
32910
37215
32392
28250
33151
37407
32305
27904
33407
37672
32174
27530
33631
37947
32018
27746
33565
37930
32116
27691
33148
37673
32440
27783
32815
37836
32756
27893
32812
37461
32640
28177
32821
37371
32787
28165
32737
37313
32870
28202
32359
37365
33541
28123
31769
37242
33787
28341
31747
36919
33886
28816
31609
36683
34084
28824
31608
36719
33882
28903
31479
36528
34043
29038
31537
36925
34003
28520
31550
36993
34132
28707
31183
36969
34519
28580
31086
37032
34147
28423
31469
37100
34322
28467
31257
37303
34131
28203
31600
37332
33836
28259
31612
37287
33843
28221
31639
37506
33675
28130
31933
37207
33438
28437
31926
36947
33771
28540
31482
36904
33820
28716
31691
36992
33914
28307
31482
37357
34369
27985
31179
37850
34478
